0.0 0.0 18.852605336202593 0.05182083930062315 0.1350240924130583 0.0 0.0032825208451481764 0.0
0.001 0.0 15.714792095496506 0.051216367626294515 0.09782380632861414 0.0 0.003266421832265768 0.0
0.0011226677735108135 0.0 15.555072472243014 0.05118690423078526 0.09743995349749225 0.0 0.003265803180085875 0.0
0.0012603829296797275 0.0 15.09167309911427 0.051155484201992264 0.09699822087111487 0.0 0.0032651363106503536 0.0
0.0014149912974345759 0.0 14.603326550024951 0.05112094822852224 0.09664996299194545 0.0 0.0032643835582798404 0.0
0.0015885651294280528 0.0 14.034597796594312 0.05014000958485918 0.09624046911517037 0.0 0.0032634469966288638 0.0
0.0017834308769319094 0.0 13.919650932509981 0.048553842883646205 0.09586597637677527 0.0 0.00326278902860566 0.0
0.0020022003718155844 0.0 13.720472141654191 0.04693543134297374 0.095510707175466 0.0 0.0032621540082135975 0.0
0.002247805833548725 0.0 14.686648187999001 0.045679123005105925 0.09535763739582856 0.0 0.003261465975094423 0.0
0.0025235391704347657 0.0 15.883310527382735 0.044406479711198356 0.09481995259333588 0.0 0.0032605836362039247 0.0
0.002833096101839324 0.0 15.713701503243513 0.04320343870292789 0.09472985759810322 0.0 0.0032597264322937088 0.0
0.0031806256927941192 0.0 15.453620103542914 0.04226391941230105 0.09415927472565462 0.0 0.003258870227312335 0.0
0.003570785964900463 0.0 15.445219911739022 0.041327169040452624 0.0938343571223679 0.0 0.0032575581699073436 0.0
0.004008806328898464 0.0 15.15543717252994 0.04044635984906169 0.09351454493083246 0.0 0.003256323677933769 0.0
0.004500557675700498 0.0 14.90219755800898 0.039650290730674546 0.09328451739901718 0.0 0.003254996201020154 0.0
0.00505263106533568 0.0 14.737320281312375 0.03891286579325714 0.09288193492104514 0.0 0.003253598804645668 0.0
0.005672426068491977 0.0 14.562838190805888 0.03822593737530941 0.09286208075049378 0.0 0.0032519546284095575 0.0
0.006368249944718587 0.0 14.35672502650948 0.0376900771223979 0.0923899933483653 0.0 0.0032504108658775047 0.0
0.007149428986597577 0.0 14.222196232534928 0.03713933706774727 0.09214521645548011 0.0 0.0032486379902103854 0.0
0.008026433522257174 0.0 14.088060207709582 0.03662880171385251 0.09166997477751751 0.0 0.0032467620230608144 0.0
0.009011018251665018 0.0 13.939120781873752 0.03614513824718773 0.09148478729138283 0.0 0.003244755915477947 0.0
0.010116379797662075 0.0 13.766735084518464 0.03571307804117533 0.09102871856151508 0.0 0.0032427054721968587 0.0
0.011357333583431058 0.0 13.709740674900198 0.035359578928912255 0.09086611010927849 0.0 0.0032405286753560544 0.0
0.012750512407130135 0.0 13.749126746506986 0.03512912242762217 0.09043107189204193 0.0 0.003238389122467167 0.0
0.014314589375234792 0.0 13.6892952376497 0.0347469482059586 0.08997128509949051 0.0 0.0032363346204822246 0.0
0.01607052818261639 0.0 13.676051217876747 0.03449334572005238 0.09100713202387241 0.0 0.003234277303720037 0.0
0.018041864093920727 0.0 13.661298496756487 0.034258626072092374 0.09212318988447826 0.0 0.0032320453337115764 0.0
0.020255019392306676 0.0 13.704897821544412 0.03403821044917767 0.0933804432914019 0.0 0.003229681376360628 0.0
0.022739657523579287 0.0 13.70242815150948 0.033862620414802896 0.09412650596664511 0.0 0.0032272996972834366 0.0
0.025529080682395178 0.0 13.711896519461078 0.03370990859990775 0.0955022883827087 0.0 0.003224090581749457 0.0
0.028660676169482518 0.0 13.696010323103792 0.033565179639275 0.09724800445066174 0.0 0.0032214799022095403 0.0
0.03217641750250737 0.0 13.715172194673153 0.03344255452154222 0.09943200947433857 0.0 0.0032200203998229864 0.0
0.036123426997094324 0.0 13.754135284119263 0.033359477261692964 0.10159324379830582 0.0 0.0032182956204278965 0.0
0.040554607358408296 0.0 13.792659797592314 0.03322118171770901 0.10110074957984255 0.0 0.003216992569958882 0.0
0.0455293507486695 0.0 13.838742437000999 0.03318607032049786 0.10067733688600553 0.0 0.0032148562307723603 0.0
0.051114334834401684 0.0 13.889761492639721 0.03303882312114852 0.10037118748158974 0.0 0.0032130963726383775 0.0
0.057384416483023955 0.0 13.956162869573351 0.0329321142849259 0.09985176106828715 0.0 0.003211545537134779 0.0
0.06442363508721373 0.0 14.037759442053392 0.032793372525103635 0.09927594438775432 0.0 0.0032089140154407426 0.0
0.07232633896483537 0.0 14.101183375436626 0.032718265640623266 0.09874259799480271 0.0 0.0032070622486049687 0.0
0.08119844993184012 0.0 14.189620758483034 0.03257223617815355 0.09834992469279669 0.0 0.0032042132354247704 0.0
0.09115888299750823 0.0 14.279608751247507 0.03245547562210619 0.09768603508973871 0.0 0.003201660108729227 0.0
0.10234114021054538 0.0 14.38002900449102 0.0323180360929901 0.09728366804630928 0.0 0.0031989906364580504 0.0
0.11489510001873098 0.0 14.486883654565869 0.03218912571889471 0.09672738113751225 0.0 0.0031962521526853757 0.0
0.12898902612533095 0.0 14.60147478480539 0.032055557362864466 0.09624284701435044 0.0 0.0031934298317832155 0.0
0.14481182276745344 0.0 14.715126387849299 0.0319125536615052 0.09572127846694224 0.0 0.0031903614368936845 0.0
0.1625755666443795 0.0 14.845966270583832 0.031750975131905286 0.09475791970668956 0.0 0.0031873827156716377 0.0
0.18251834943190443 0.0 14.97838307759481 0.03163633826890136 0.09447435296566968 0.0 0.003184293906144035 0.0
0.20490746898158482 0.0 15.121793522330341 0.03148100204711786 0.09377947968572975 0.0 0.0031810476285613464 0.0
0.23004301197729193 0.0 15.268313958021457 0.03135836230030858 0.09334435085587967 0.0 0.003177669968155978 0.0
0.2582618760682677 0.0 15.405544379990019 0.031224646965234876 0.09270868650740569 0.0 0.0031741184903547495 0.0
0.2899422853882878 0.0 15.5633186751497 0.031051411736363378 0.09186924363663643 0.0 0.003170709196842542 0.0
0.325508859983506 0.0 15.711301030750999 0.030905274302505965 0.09129390496197566 0.0 0.003167029814004695 0.0
0.36543830709572583 0.0 15.866045253243513 0.030760950166499604 0.09058844637623727 0.0 0.0031634088611149215 0.0
0.41026581058271944 0.0 16.01709764065619 0.030609677628215412 0.0896856245402259 0.0 0.0031596097976666136 0.0
0.46059220411451085 0.0 16.169494994386227 0.030456203864675357 0.08884878473782434 0.0 0.0031555291316613977 0.0
0.517092024289676 0.0 16.321697425461576 0.030300426737530067 0.08815333749420858 0.0 0.003151459148499389 0.0
0.5805225516094902 0.0 16.466101001122755 0.030142620315183583 0.0871864464123566 0.0 0.003147293140530383 0.0
0.6517339604882427 0.0 16.612903100049902 0.029979721334622355 0.08637086061379791 0.0 0.0031431237815578625 0.0
0.73168071434272 0.0 16.764235201472054 0.029813154060004315 0.085358156615691 0.0 0.003138691372711987 0.0
0.821434358491943 0.0 16.91694735528942 0.02964467008119673 0.08443598014054232 0.0 0.003134458578335244 0.0
0.9221978823334331 0.0 17.07117405813373 0.02946716659350737 0.08353980010528916 0.0 0.0031299419982978773 0.0
1.0353218432956626 0.0 17.227895770958085 0.029288844083378725 0.0825904215175169 0.0 0.003125196172712915 0.0
1.162322468679853 0.0 17.385900074850298 0.029106427365170186 0.08145317011801073 0.0 0.003120548169380479 0.0
1.3049019780144029 0.0 17.545315618762476 0.02892148741266961 0.0805076402282503 0.0 0.0031158713706372233 0.0
1.4649713983072863 0.0 17.705627806886227 0.028730262012017536 0.07946117009337059 0.0 0.0031110932943757214 0.0
1.6446761779946644 0.0 17.866474083083833 0.028532631578662884 0.07844130533011594 0.0 0.0031062493328400287 0.0
1.8464249428955444 0.0 18.026873986402194 0.028332897955521047 0.07734925685620284 0.0 0.0031013728475602297 0.0
2.072921779595372 0.0 18.187344061876246 0.02812865765776873 0.07628773195085024 0.0 0.003096495133989881 0.0
2.3272024789604098 0.0 18.346301537549902 0.02792624091850689 0.07532887349914742 0.0 0.003091555518032334 0.0
2.612675225563329 0.0 18.505268759356287 0.027710907603176557 0.0743074628026306 0.0 0.0030866108820178915 0.0
2.933166278390045 0.0 18.66355180264471 0.027491569595634775 0.07325446020819876 0.0 0.003081679549843437 0.0
3.2929712550971515 0.0 18.82105710454092 0.02727130182554164 0.0722604288146632 0.0 0.003076773026052961 0.0
3.6969127071950285 0.0 18.974268260354293 0.02705534550510464 0.07142042687920185 0.0 0.003071858812109542 0.0
4.150404757850477 0.0 19.124343110653694 0.026829159542878536 0.0704440448290251 0.0 0.003067025535048495 0.0
4.659525668664682 0.0 19.27184888036427 0.026604668452763033 0.0696690644067901 0.0 0.0030623519136445208 0.0
5.2310993080562636 0.0 19.405951768338323 0.02637813177238197 0.06881410544145776 0.0 0.0030577232843224155 0.0
5.872786613189483 0.0 19.555841442115767 0.026149443844114734 0.06807468911364481 0.0 0.0030531627484826256 0.0
6.593188271333548 1.9477507445269717e-05 19.69195983033932 0.025927032740984273 0.06744620784750685 0.0 0.0030486912801444433 0.0
7.401959996915645 0.00019250369952348412 19.826345356162676 0.025707154264322025 0.0668701951470346 0.0 0.003044306161407636 0.0
8.309941949353396 0.0005556074921004548 19.946294910179642 0.025491338714609464 0.06632085001840345 0.0 0.0030400377809809355 0.0
9.329304026284687 0.0011423845253066864 20.058463151821357 0.02527918765672039 0.06579268773078262 0.0 0.0030359209390553982 0.0
10.473708979594509 0.0019624280834388353 20.180131923652695 0.02507270552247056 0.06531459076293511 0.0 0.003031884753977282 0.0
11.758495540521581 0.003036994420125813 20.290150168413174 0.024873068302037088 0.06484163877945473 0.0 0.0030279784665984072 0.0
13.200884008314194 0.0043699869852579995 20.389987602919163 0.024679038693851296 0.06440633205308972 0.0 0.003024192483885285 0.0
14.8202070579886 0.006012792358855288 20.48836311751497 0.024494472652250045 0.06397572557754798 0.0 0.0030205342481855984 0.0
16.638168860761308 0.007938000018487195 20.57123838260978 0.024316623438616975 0.06355561690616607 0.0 0.0030169808070095792 0.0
18.679135990207847 0.010191123642607363 20.65930638722555 0.024147952353578115 0.06313333074689548 0.0 0.0030136085888553847 0.0
20.97046401323235 0.012727597516453908 20.733718110653694 0.02398561902151971 0.06269639181044301 0.0 0.0030103606025991044 0.0
23.542864143224204 0.015596744781006835 20.81481763036427 0.023831777346526875 0.062252456257224954 0.0 0.0030072049346758427 0.0
26.430814869741084 0.018789771074306464 20.87369596744012 0.023686996902937716 0.06180043009320551 0.0 0.0030041889957788236 0.0
29.673024081888727 0.02229187445726223 20.94090140032435 0.02354769071207872 0.06131568451822623 0.0 0.0030012831608502593 0.0
33.31294787934677 0.026152066365925375 20.99410943737525 0.023420122652226597 0.06081564354516534 0.0 0.0029985314775554175 0.0
37.39937302478802 0.030265267499668635 21.048440228917165 0.02329886942080219 0.06033622027331837 0.0 0.0029958980148765634 0.0
41.987070844439145 0.0347316726715027 21.092537581087825 0.023184801664559083 0.05979400868777385 0.0 0.002993362774461724 0.0
47.13753134116729 0.039432072591876796 21.13692146956088 0.023077457074080904 0.0592399566840961 0.0 0.0029909933184324874 0.0
52.919787359584475 0.04450108952626972 21.177634964446106 0.022977949913123255 0.0586880165600235 0.0 0.0029887107473953395 0.0
59.411339849650396 0.049747862977657965 21.215594202220558 0.022882939690492012 0.058120695258844 0.0 0.0029865376667413406 0.0
66.69919663030129 0.05527882756825217 21.24330245758483 0.02279796423109001 0.05755847397691738 0.0 0.002984553101159831 0.0
74.8810385759003 0.06099457655124321 21.273258171157686 0.022716510259300892 0.05698371543510861 0.0 0.0029826249241192413 0.0
84.06652885618334 0.06688540947889378 21.300186735903193 0.022643803100908216 0.056438076895254034 0.0 0.0029808529251127204 0.0
94.37878277775391 0.07291361338602093 21.324838604041915 0.02257539028109245 0.05586448686685869 0.0 0.0029791786607816723 0.0
105.9560179277617 0.0790312532893198 21.346905797779442 0.022512085977362848 0.0553293593462234 0.0 0.002977715720229841 0.0
118.95340673703207 0.08515717740544303 21.366752822480038 0.022454388475443787 0.05482386613311287 0.0 0.0029762786776069312 0.0
133.54515629299001 0.09136056043430717 21.38474613273453 0.02240284446226024 0.054328550462607546 0.0 0.002974902281076868 0.0
149.9268432786047 0.09740372617801507 21.400932509980038 0.02235346399121937 0.05382733010833559 0.0 0.002973729577469541 0.0
168.31803533309585 0.1034107322464446 21.414697947854293 0.022309775471989018 0.05341451624024932 0.0 0.002972598887980569 0.0
188.96523396912116 0.1093212439866361 21.424904098053894 0.02227160702479258 0.05295815155167063 0.0 0.002971550116433635 0.0
212.1451784910632 0.11498078519474722 21.438250452220558 0.022234043639960063 0.05256228706104454 0.0 0.002970624911557312 0.0
238.16855519761606 0.12050517495282871 21.447049260853298 0.022202477947703823 0.05221858178224231 0.0 0.0029697659719969474 0.0
267.38416158399497 0.125701866226044 21.45895708582835 0.022173160944521358 0.05188667069294428 0.0 0.002968984612081861 0.0
300.1835813575592 0.13068382278411927 21.471147548652695 0.02214436488859693 0.051573280025698255 0.0 0.0029682480891258453 0.0
337.00643292719315 0.1354192250265095 21.471147548652695 0.022121782925965176 0.05128208385858452 0.0 0.00296761003145434 0.0
378.34626171319326 0.13981329942653756 21.478782669036928 0.022100052250697704 0.051019080432715906 0.0 0.0029670240897002966 0.0
424.75715525369026 0.14398606047182977 21.49101211639222 0.02207918419812584 0.05077632871181943 0.0 0.002966498910262331 0.0
476.86116977144746 0.14783183876387848 21.49101211639222 0.022063133880781044 0.05055771813708278 0.0 0.0029660195102370226 0.0
535.356667741073 0.15134076634329 21.500539935753494 0.022047307067317754 0.05035871149979666 0.0 0.0029655830506077788 0.0
601.0276782070388 0.15470062377686034 21.500539935753494 0.022031727508560205 0.050173034539976194 0.0 0.002965222938123945 0.0
674.75440531107 0.1577168538898765 21.51560550773453 0.022022103617891062 0.050013049993638266 0.0 0.002964871070048491 0.0
757.525025877192 0.16048703983634294 21.51560550773453 0.0220117667040607 0.04986363151961587 0.0 0.0029645382695988073 0.0
850.4489341802686 0.16303825759126278 21.51560550773453 0.022001234776667735 0.04972341228121679 0.0 0.0029642573378284276 0.0
954.7716114208066 0.165122650816531 21.51560550773453 0.021989281557099748 0.04960223877962053 0.0 0.0029640066985793458 0.0
1071.8913192051286 0.167190110136173 21.528593204216566 0.021982581754431567 0.049509926575082325 0.0 0.0029638221065625297 0.0
1203.3778407775906 0.16905722551479074 21.528593204216566 0.02197681225432095 0.04940479812648673 0.0 0.002963604490594839 0.0
1350.9935211980278 0.1707968949795721 21.528593204216566 0.021968521345781332 0.04931759325130703 0.0 0.002963396221297338 0.0
1516.716888470924 0.1724561283926288 21.528593204216566 0.02196425520709623 0.04923765655093733 0.0 0.0029632599832785838 0.0
1702.7691722259012 0.17383082041483439 21.531423481162676 0.021958297804476425 0.049166896620957856 0.0 0.0029631439226615154 0.0
1911.6440753857037 0.17518402526002683 21.531423481162676 0.021952793030040166 0.04910402208329066 0.0 0.0029629748670067053 0.0
2146.141197858406 0.17634536834534056 21.534682587949103 0.021945698989939144 0.049059982964971376 0.0 0.002962903809247908 0.0
2409.403560239527 0.17751402103020525 21.534682587949103 0.021945400091440775 0.04899294969986506 0.0 0.002962723088275495 0.0
2704.959730463137 0.17829005684919225 21.534682587949103 0.021943858093238736 0.04895382365776612 0.0 0.00296264049572779 0.0
3036.7711180354604 0.17911651367674808 21.534682587949103 0.021936779816335555 0.04891625786797334 0.0 0.0029626113219257556 0.0
3409.2850697468143 0.17990616362489864 21.534682587949103 0.02193423082750772 0.04887752460123079 0.0 0.002962469305060588 0.0
3827.494478516315 0.1804008103178409 21.534682587949103 0.021933923566513892 0.04884706076073592 0.0 0.002962429789177681 0.0
4297.004704320844 0.18174854819170252 21.534682587949103 0.02193028110409641 0.048823053199216655 0.0 0.002962392255620658 0.0
4824.108704165374 0.18174854819170252 21.534682587949103 0.021928847981923034 0.04876739465239327 0.0 0.0029623118855991006 0.0
5415.871378079476 0.1821302311149186 21.534682587949103 0.0219290923856645 0.04876739465239327 0.0 0.0029622958515263856 0.0
6080.224261649427 0.18246364022443395 21.534682587949103 0.02192481778799266 0.04875451455121078 0.0 0.0029622325045347577 0.0
6826.071834272393 0.18317723988059037 21.534682587949103 0.021924353254835226 0.048713575729813094 0.0 0.0029622027063939916 0.0
7663.410868007462 0.18317723988059037 21.534682587949103 0.021924353254835226 0.04871357695290953 0.0 0.002962194977383609 0.0
8603.46441668451 0.18366954141034336 21.534682587949103 0.021921547797661485 0.048685391988530995 0.0 0.002962099726813417 0.0
9658.832241158709 0.18415891910027601 21.534682587949103 0.021921547797661485 0.048685391988530995 0.0 0.002962099726813417 0.0
10843.65968689611 0.18415891910027601 21.534682587949103 0.02192026053809072 0.048652195922725607 0.0 0.002962099726813417 0.0
12173.82727739662 0.18445392235548436 21.534682587949103 0.02192026053809072 0.048652195922725607 0.0 0.002962053623086217 0.0
13667.163564620074 0.18445392235548436 21.534682587949103 0.02191993480024566 0.048648256429421916 0.0 0.0029619477985846064 0.0
15343.684089300132 0.18469804775215193 21.534682587949103 0.021919548735272784 0.048648256429421916 0.0 0.0029619477985846064 0.0
17225.859653987874 0.1846737890186424 21.534682587949103 0.021919829561183903 0.048648256429421916 0.0 0.0029619477985846064 0.0
19338.917504552322 0.18499567028053268 21.534682587949103 0.02191664729463438 0.04861690924211433 0.0 0.0029619477985846064 0.0
21711.179456945054 0.18499567028053268 21.534682587949103 0.02191664584889343 0.04861690924211433 0.0 0.0029619478173303422 0.0
24374.441501222216 0.18509087781468314 21.534682587949103 0.021915902427154715 0.04861690924211433 0.0 0.002961947286167152 0.0
27364.39997074672 0.18543558634683757 21.534682587949103 0.021915902427154715 0.04861979591627105 0.0 0.0029619275302657706 0.0
30721.12998861759 0.18543558634683757 21.534682587949103 0.021915902427154715 0.048605255342505906 0.0 0.0029618371533593163 0.0
34489.6226040576 0.1858122896053596 21.534682587949103 0.021915902427154715 0.048605255342505906 0.0 0.0029618371533593163 0.0
38720.38781812557 0.1858122896053596 21.534682587949103 0.021915902427154715 0.048605255342505906 0.0 0.0029618371533593163 0.0
43470.131581250265 0.1858122896053596 21.534682587949103 0.021915332593276392 0.048605255342505906 0.0 0.0029618371533593163 0.0
48802.515836544335 0.1858122896053596 21.534682587949103 0.021914108487888325 0.048605255342505906 0.0 0.0029618371533593163 0.0
54789.01179593945 0.1858122896053596 21.534682587949103 0.021914108487888325 0.04860524893661667 0.0 0.0029618371533593163 0.0
61509.857885805046 0.18587597449144683 21.534682587949103 0.021914108487888325 0.048607676750093004 0.0 0.0029618371533593163 0.0
69055.13520162331 0.18587597449144683 21.534682587949103 0.021914108487888325 0.04860772516266008 0.0 0.0029618371533593163 0.0
77525.97488629464 0.18587597449144683 21.534682587949103 0.021914108487888325 0.04858752626996973 0.0 0.0029618371533593163 0.0
87035.91361485166 0.18587597449144683 21.534682587949103 0.021914108487888325 0.04858752626996973 0.0 0.0029618371533593163 0.0
97712.41535346501 0.18587597449144683 21.534682587949103 0.021914108487888325 0.04857909334498861 0.0 0.0029618371533593163 0.0
109698.57978923863 0.18607388189928734 21.534682587949103 0.021914109040311686 0.04857909334498861 0.0 0.0029618371533593163 0.0
123155.06032928261 0.18607388189928734 21.534682587949103 0.021914109040311686 0.04857909334498861 0.0 0.0029618371323908493 0.0
138262.2173764659 0.18607388189928734 21.534682587949103 0.021914109040311686 0.04857909334498861 0.0 0.0029618371323908493 0.0
155222.5357427048 0.18607388189928734 21.534682587949103 0.021914109040311686 0.04857909334498861 0.0 0.0029618371323908493 0.0
174263.33860096542 0.18607394281261697 21.534682587949103 0.021914109040311686 0.04857909334498861 0.0 0.0029618371323908493 0.0
195639.8343517065 0.18607394281261697 21.534682587949103 0.021914109040311686 0.04857909334498861 0.0 0.0029618371323908493 0.0
219638.53724165514 0.18607394281261697 21.534682587949103 0.021914109040311686 0.04857909334498861 0.0 0.0029618371323908493 0.0
246581.1075822604 0.18607351641930978 21.534682587949103 0.021914109040311686 0.04857909334498861 0.0 0.0029618371323908493 0.0
276828.6630392072 0.18607351641930978 21.534682587949103 0.021914109040311686 0.048579099000132235 0.0 0.0029618371323908493 0.0
310786.6187782014 0.18607351641930978 21.534682587949103 0.021914109040311686 0.048579099000132235 0.0 0.0029618371323908493 0.0
348910.1213406781 0.18607351641930978 21.534682587949103 0.021914109040311686 0.048579099000132235 0.0 0.0029618371323908493 0.0
391710.1490809261 0.18607334890765345 21.534682587949103 0.021914109040311686 0.048579099000132235 0.0 0.0029618371323908493 0.0
439760.360930273 0.18607334890765345 21.534682587949103 0.021914109040311686 0.04857909334498861 0.0 0.0029618371323908493 0.0
493704.7852839004 0.18607334890765345 21.534682587949103 0.021914109040311686 0.04857909334498861 0.0 0.0029618371323908493 0.0
554266.4520663118 0.18607334890765345 21.534682587949103 0.021914109040311686 0.04857909334498861 0.0 0.0029618370915270808 0.0
622257.0836730232 0.18607334890765345 21.534682587949103 0.021914109040311686 0.04857909334498861 0.0 0.0029618370915270808 0.0
698587.9746785263 0.18607334890765345 21.534682587949103 0.021914109040311686 0.04857909334498861 0.0 0.0029618370915270808 0.0
784282.2061337682 0.18607334890765345 21.534682587949103 0.021914109040311686 0.04857909334498861 0.0 0.0029618370915270808 0.0
880488.3581643483 0.18607334890765345 21.534682587949103 0.021914109040311686 0.04857909334498861 0.0 0.0029618370915270808 0.0
988495.9046625586 0.18607334890765345 21.534682587949103 0.021914109040311686 0.04857547111551766 0.0 0.0029618370915270808 0.0
1109752.4964120744 0.18607334890765345 21.534682587949103 0.021914109040311686 0.04857547111551766 0.0 0.002961816880383854 0.0
1245883.3642950081 0.18607334890765345 21.534682587949103 0.021914109040311686 0.04857547111551766 0.0 0.002961816894184368 0.0
1398713.1026472414 0.18607334890765345 21.534682587949103 0.021914109040311686 0.04857547111551766 0.0 0.002961816894184368 0.0
1570290.1247293775 0.18607334890765345 21.534682587949103 0.021914109040311686 0.04857547111551766 0.0 0.002961816894184368 0.0
1762914.1180959516 0.18607334890765345 21.534682587949103 0.021914109040311686 0.04857547111551766 0.0 0.002961816894184368 0.0
1979166.8678535575 0.18607334890765345 21.534682587949103 0.021914109040311686 0.04857547111551766 0.0 0.002961816894184368 0.0
2221946.8609395283 0.18607334890765345 21.534682587949103 0.021914109040311686 0.04857547111551766 0.0 0.002961816894184368 0.0
2494508.135230317 0.18607334890765345 21.534682587949103 0.021914109040311686 0.048575465460381814 0.0 0.002961816894184368 0.0
2800503.8941836366 0.18607334890765345 21.534682587949103 0.021914109040311686 0.048575465460381814 0.0 0.002961816894184368 0.0
3144035.4715915 0.18607334890765345 21.534682587949103 0.021914107810487513 0.048575465460381814 0.0 0.002961816894184368 0.0
3529707.302730657 0.18607334890765345 21.534682587949103 0.021914107810487513 0.048575465460381814 0.0 0.002961816894184368 0.0
3962688.638701478 0.18607334890765345 21.534682587949103 0.021914107810487513 0.048575465460381814 0.0 0.002961816894184368 0.0
4448782.831127594 0.18607334890765345 21.534682587949103 0.021914107810487513 0.048575465460381814 0.0 0.002961816894184368 0.0
4994505.11585514 0.18607334890765345 21.534682587949103 0.021914108438339776 0.048575465460381814 0.0 0.002961816894184368 0.0
5607169.938205469 0.18607334890765345 21.534682587949103 0.021915632165007033 0.048575465460381814 0.0 0.002961816894184368 0.0
6294988.990221888 0.18607340982098303 21.534682587949103 0.021915632165007033 0.048575465460381814 0.0 0.002961816894184368 0.0
7067181.273927506 0.18607340982098303 21.534682587949103 0.021915632165007033 0.048575465460381814 0.0 0.002961816894184368 0.0
7934096.665797492 0.18607340982098303 21.534682587949103 0.021915632165007033 0.048575465460381814 0.0 0.002961816894184368 0.0
8907354.638610458 0.18616330266712672 21.535397954091817 0.021915632165007033 0.048575465460381814 0.0 0.002961816894184368 0.0
10000000.0 0.18616330266712672 21.535397954091817 0.021915632165007033 0.048575465460381814 0.0 0.002961816894184368 0.0
