0.0 0.0 18.63734250249501 0.051676204475505035 0.13495081821908708 0.0 0.0032827063690500135 0.0
0.001 0.0 11.431723467128243 0.051676204475505035 0.137581131117467 0.0 0.0032807877165593564 0.0
0.0010848096388007434 0.0 11.41006853480539 0.05167608118061745 0.137581131117467 0.0 0.0032807877165593564 0.0
0.0011768119524349979 0.0 10.181628929640718 0.051676053258008704 0.137581131117467 0.0 0.0032807877165593564 0.0
0.0012766169490574075 0.0 10.181628929640718 0.05167431495966631 0.137581131117467 0.0 0.0032807877165593564 0.0
0.0013848863713938732 0.0 10.210198743138722 0.05167163875925432 0.137581131117467 0.0 0.0032807877165593564 0.0
0.0015023380843318596 0.0 9.106835157809382 0.051507492851952705 0.137581131117467 0.0 0.0032807877165593564 0.0
0.0016297508346206436 0.0 9.106835157809382 0.051507492851952705 0.137581131117467 0.0 0.0032806206539098674 0.0
0.0017679694142400302 0.0 9.106835157809382 0.051507492851952705 0.137581131117467 0.0 0.0032806206539098674 0.0
0.0019179102616724887 0.0 8.858600182447605 0.051507492851952705 0.13761212771790524 0.0 0.0032795380397058795 0.0
0.0020805675382171715 0.0 8.858626497005988 0.051507492851952705 0.13868781702289673 0.0 0.0032795380397058795 0.0
0.002257019719633919 0.0 8.858626497005988 0.051507492851952705 0.13868781702289673 0.0 0.0032795380397058795 0.0
0.002448436746822227 0.0 8.860162487524951 0.051507492851952705 0.13868781702289673 0.0 0.0032795380397058795 0.0
0.0026560877829466868 0.0 8.860162487524951 0.05150747028623825 0.1389328519307023 0.0 0.003279532011673198 0.0
0.002881349628441459 0.0 8.518963050461577 0.05150747028623825 0.13903529205835718 0.0 0.0032795294936324004 0.0
0.0031257158496882354 0.0 8.511721673839821 0.051424153691977816 0.13956174750768824 0.0 0.0032794595716577153 0.0
0.003390806681894053 0.0 8.51717755894461 0.051424153691977816 0.13956174750768824 0.0 0.0032784765541967326 0.0
0.0036783797718286343 0.0 8.517645373315869 0.051415704969375454 0.140462891105543 0.0 0.0032784765541967326 0.0
0.003990341831649381 0.0 8.493201097804391 0.05130190804748799 0.140462891105543 0.0 0.0032784765541967326 0.0
0.004328761281083057 0.0 10.55851773016467 0.05130188643601595 0.1418377448902079 0.0 0.003277945074056495 0.0
0.0046958819617863535 0.0 10.55851773016467 0.05129423658918921 0.1418377448902079 0.0 0.0032765449291894183 0.0
0.0050941380148163806 0.0 10.55851773016467 0.05120820277390656 0.1418377448902079 0.0 0.0032765449291894183 0.0
0.0055261700198540875 0.0 10.55851773016467 0.051207816494448694 0.14310232546727178 0.0 0.0032765449291894183 0.0
0.005994842503189409 0.0 11.635801638909681 0.05118518074771822 0.14305407448273333 0.0 0.0032760032224582133 0.0
0.0065032629305522465 0.0 11.635801638909681 0.0510080659582697 0.14588273392103793 0.0 0.003275063584828584 0.0
0.007054802310718645 0.0 11.635801638909681 0.0510080659582697 0.14588273392103793 0.0 0.003275063584828584 0.0
0.007653117546501335 0.0 11.635801638909681 0.0510080659582697 0.14838348978021482 0.0 0.0032746211715446636 0.0
0.008302175681319744 0.0 11.635801638909681 0.05080388804415122 0.1505711847428949 0.0 0.0032744815169342893 0.0
0.009006280202112787 0.0 11.898775690805888 0.05080388804415122 0.15293155339417458 0.0 0.00327395378474124 0.0
0.009770099572992247 0.0 11.898775690805888 0.050742641163705304 0.15535815916474885 0.0 0.0032741139861639326 0.0
0.01059869818882502 0.0 11.898775690805888 0.05038704795626373 0.1579183723256869 0.0 0.003272968077040712 0.0
0.011497569953977356 0.0 11.898775690805888 0.05038704795626373 0.16055550613326572 0.0 0.003272968077040712 0.0
0.012472674708860454 0.0 11.898789335391717 0.05038704795626373 0.1633470146269802 0.0 0.0032725560298142984 0.0
0.013530477745798068 0.0 13.771686119947605 0.05013092304904256 0.1659617986525654 0.0 0.003272247574193358 0.0
0.01467799267622069 0.0 13.771686119947605 0.05013092304904256 0.1692819448830901 0.0 0.0032718323802573765 0.0
0.015922827933410922 0.0 13.771686119947605 0.04983308465616138 0.17241330863312276 0.0 0.003271082175674797 0.0
0.017273237219129878 0.0 13.771686119947605 0.04983308465616138 0.1756143006604749 0.0 0.0032705720570972373 0.0
0.01873817422860384 0.0 13.771693916853792 0.049692906286292735 0.1787358481280192 0.0 0.003270410646244635 0.0
0.020327352016717117 0.0 13.771693916853792 0.04954143819371498 0.18222155286288044 0.0 0.003270503004978306 0.0
0.022051307399030457 0.0 13.772198766529442 0.048598316797450525 0.18573446435405652 0.0 0.0032708065269533857 0.0
0.023921470814626374 0.0 14.17732211358533 0.04607925625193777 0.18929687333401066 0.0 0.003271329491069079 0.0
0.02595024211399736 0.0 14.17732211358533 0.046072616874414586 0.19311155262000196 0.0 0.0032703750911201456 0.0
0.028151072774477297 0.0 14.17732211358533 0.04026660681442625 0.20196585244356452 0.0 0.0032703750911201456 0.0
0.030538555088334154 0.0 14.17732211358533 0.0402603611136537 0.20196585244356452 0.0 0.0032703727450961177 0.0
0.03312851891487236 0.0 14.17732211358533 0.04025681489373078 0.21108155789127947 0.0 0.0032689973562550815 0.0
0.03593813663804628 0.0 14.17732211358533 0.04025681489373078 0.21108436467281388 0.0 0.0032689973562550815 0.0
0.038986037025490715 0.0 14.178428299650701 0.03779187539619734 0.2218743298645177 0.0 0.00326898842913785 0.0
0.04229242874389499 0.0 14.179039382173153 0.0377918712374968 0.2218743298645177 0.0 0.0032695975297785916 0.0
0.045879234349670873 0.0 15.08064242608533 0.03275201644879744 0.2218743298645177 0.0 0.003269597889458644 0.0
0.04977023564332109 0.0 15.080649248378243 0.03275201644879744 0.21088919218175683 0.0 0.0032529321698122663 0.0
0.05399123135125903 0.0 15.080658994510978 0.03275201644879744 0.21194035965011257 0.0 0.0032529321698122663 0.0
0.058570208180566644 0.0 15.08069602981537 0.03275201644879744 0.21194042532251883 0.0 0.0032529321698122663 0.0
0.06353752638084484 0.0 15.08069602981537 0.0327517683141591 0.21194042532251883 0.0 0.0032529321698122663 0.0
0.06892612104349695 0.0 15.08069602981537 0.03160945294905923 0.21194025680756556 0.0 0.0032529321698122663 0.0
0.07477172047313224 0.0 15.08069602981537 0.03160945294905923 0.21194025680756556 0.0 0.0032446940898638718 0.0
0.08111308307896868 0.0 15.08069602981537 0.030089534687254595 0.21281852873560614 0.0 0.0032446940898638718 0.0
0.0879922543569107 0.0 15.08069602981537 0.030089534687254595 0.212719378360486 0.0 0.0032446940898638718 0.0
0.09545484566618337 0.0 15.080773998877245 0.030089534687254595 0.21866311054670223 0.0 0.0032446940898638718 0.0
0.10355033664891308 0.0 15.903048395396707 0.030089534687254595 0.21866308780813828 0.0 0.003208753961472414 0.0
0.11233240329780277 0.0 15.903202384293913 0.03008955436059256 0.21866318329650616 0.0 0.003208753961472414 0.0
0.12185927384710872 0.0 15.903202384293913 0.030087420283903314 0.21866318329650616 0.0 0.003208753961472414 0.0
0.13219411484660287 0.0 15.903202384293913 0.029507415931696267 0.21866318329650616 0.0 0.003208753961472414 0.0
0.14340544997832724 0.0 15.903202384293913 0.029507419414191608 0.21866318329650616 0.0 0.003208754058687185 0.0
0.15556761439304723 0.0 15.903202384293913 0.029507390452363974 0.21866318329650616 0.0 0.003208754058687185 0.0
0.1687612475788147 0.0 15.90320433352046 0.029507390452363974 0.21866309244592746 0.0 0.003194706108593935 0.0
0.18307382802953678 0.0 15.90320433352046 0.029506627886318058 0.21269410590551238 0.0 0.003194964391484723 0.0
0.19860025325859118 0.0 15.90320433352046 0.028719181251119736 0.21269410590551238 0.0 0.003172917408755711 0.0
0.21544346900318823 0.0 15.903207257360279 0.028719181251119736 0.21269410590551238 0.0 0.003172917408755711 0.0
0.23371515179132774 0.0 15.903207257360279 0.028719181251119736 0.21269410590551238 0.0 0.003172917408755711 0.0
0.25353644939701114 0.0 15.903207257360279 0.028719181251119736 0.21269410590551238 0.0 0.003172917408755711 0.0
0.2750387840931946 0.0 19.373797327220558 0.028719181251119736 0.21269409528915137 0.0 0.0031729274627481786 0.0
0.29836472402833375 0.0 19.373797327220558 0.028719181251119736 0.21269340215541893 0.0 0.0031444035860578724 0.0
0.32366892850406015 0.0 19.373797327220558 0.028719231273403947 0.2022916185993685 0.0 0.0031444035860578724 0.0
0.3511191734215131 0.0 19.373797327220558 0.028590951716725006 0.2022916185993685 0.0 0.0031444035860578724 0.0
0.38089746369540717 0.0 19.373797327220558 0.028590951716725006 0.2022916185993685 0.0 0.0031444035860578724 0.0
0.41320124001153347 0.0 19.373797327220558 0.028591113558926632 0.2022916185993685 0.0 0.0031444035860578724 0.0
0.44824468792893085 0.0 19.373797327220558 0.028297081887144148 0.2022916185993685 0.0 0.0031444035860578724 0.0
0.4862601580065353 0.0 19.373797327220558 0.028297081887144148 0.2022916185993685 0.0 0.003144403244037501 0.0
0.527499706370262 0.0 19.373797327220558 0.028297081887144148 0.2022916094377335 0.0 0.0031237389694258144 0.0
0.5722367659350214 0.0 19.373797327220558 0.028297068291154845 0.2022916094377335 0.0 0.0031237389694258144 0.0
0.6207679593624761 0.0 19.373797327220558 0.028297068291154845 0.2066835109494312 0.0 0.003123738700119455 0.0
0.6734150657750821 0.0 19.373797327220558 0.028297068291154845 0.2066835109494312 0.0 0.0031237386604861246 0.0
0.7305271542664449 0.0 19.373797327220558 0.028297076069214486 0.2066835109494312 0.0 0.00312373817450516 0.0
0.7924828983539169 0.0 19.373797327220558 0.027885584611669297 0.2066835109494312 0.0 0.00312373817450516 0.0
0.8596930867190787 0.0 19.373797327220558 0.027886262633996697 0.2066835109494312 0.0 0.00312373737820694 0.0
0.9326033468832199 0.0 21.53610552332835 0.027886262633996697 0.2066835109494312 0.0 0.003096616252388028 0.0
1.0116970998767492 0.0 21.53610552332835 0.027886262633996697 0.2066835109494312 0.0 0.003096616028976996 0.0
1.0974987654930557 0.0 21.53610552332835 0.027886262633996697 0.2189158817815455 0.0 0.0030966157930543852 0.0
1.1905772393787832 0.0 21.53610552332835 0.027886262633996697 0.2189158817815455 0.0 0.0030966157930543852 0.0
1.291549665014884 0.0008229849462261695 21.53610552332835 0.027886247774919576 0.2189158817815455 0.0 0.003096615688285125 0.0
1.401085525598016 0.0008229849462261695 21.53610552332835 0.027551187499913487 0.2189158817815455 0.0 0.0030966161233379006 0.0
1.5199110829529332 0.0008229849462261695 21.53610552332835 0.027551187499913487 0.2189158817815455 0.0 0.0030966000915235914 0.0
1.648814192907418 0.0008229849462261695 21.53610552332835 0.027551187499913487 0.21891587061318898 0.0 0.0030014495624419804 0.0
1.7886495290574351 0.0008229849462261695 21.53610552332835 0.027551187499913487 0.21891587061318898 0.0 0.0030014495624419804 0.0
1.9403442495579137 0.0008229849462261695 21.53610552332835 0.027551187499913487 0.21891578907777084 0.0 0.0030014495624419804 0.0
2.1049041445120196 0.0008229849462261695 21.53610552332835 0.027551187499913487 0.20615633584378873 0.0 0.0030014495624419804 0.0
2.2834203047182715 0.0008229849462261695 21.53610552332835 0.027551187499913487 0.2061562877102067 0.0 0.0030014495624419804 0.0
2.477076355991709 0.0008229849462261695 21.53610552332835 0.027551187499913487 0.20615627517135882 0.0 0.0030014495624419804 0.0
2.687156307025227 0.0008229888722806159 21.53610552332835 0.027551187499913487 0.20615627517135882 0.0 0.0030014495624419804 0.0
2.9150530628251756 0.003659400873317452 21.53610552332835 0.027551187499913487 0.20615627517135882 0.0 0.0030014495624419804 0.0
3.1622776601683795 0.003659400873317452 21.53610552332835 0.027551187499913487 0.20615627517135882 0.0 0.0030014495624419804 0.0
3.4304692863149158 0.003659400873317452 21.53610552332835 0.027551187499913487 0.20615629387500117 0.0 0.0030014495624419804 0.0
3.7214061474043274 0.003659400873317452 21.53610552332835 0.027551187499913487 0.20615629387500117 0.0 0.0030014495624419804 0.0
4.037017258596554 0.003659400873317452 21.53610552332835 0.027551187499913487 0.20615629387500117 0.0 0.003001449197122452 0.0
4.379395234130494 0.003659400873317452 21.53610552332835 0.02191622295347569 0.20615629387500117 0.0 0.003001448624111976 0.0
4.750810162102793 0.003659400873317452 21.53610552332835 0.02191622295347569 0.20615629512986167 0.0 0.003001448624111976 0.0
5.153724655961632 0.003659400873317452 21.53610552332835 0.02191622295347569 0.20615647746047872 0.0 0.003001448624111976 0.0
5.5908101825122225 0.003659400873317452 21.53610552332835 0.02191622295347569 0.048566760217028826 0.0 0.0029619786116131482 0.0
6.064964774694602 0.003659400873317452 21.53610552332835 0.02191622295347569 0.048566760217028826 0.0 0.0029619786116131482 0.0
6.579332246575675 0.003659400873317452 21.53610552332835 0.02191622295347569 0.048566760217028826 0.0 0.002961979135270309 0.0
7.137323037957842 0.003659400873317452 21.53610552332835 0.02191622295347569 0.048566760217028826 0.0 0.002961979135270309 0.0
7.742636826811269 0.0036594051562859387 21.53610552332835 0.02191622295347569 0.048566760217028826 0.0 0.002961979135270309 0.0
8.399287059458466 0.1861984192016358 21.53610552332835 0.02191622295347569 0.048566760217028826 0.0 0.002961979135270309 0.0
9.111627561154886 0.1861984192016358 21.53610552332835 0.02191622295347569 0.048566760217028826 0.0 0.002961979135270309 0.0
9.88438140350333 0.1861984192016358 21.53610552332835 0.02191622295347569 0.048566760217028826 0.0 0.002961979135270309 0.0
10.722672220103231 0.1861984192016358 21.53610552332835 0.02191622295347569 0.048566760217028826 0.0 0.002961979135270309 0.0
11.63205817806895 0.1861984192016358 21.53610552332835 0.02191622295347569 0.048566760217028826 0.0 0.002961979135270309 0.0
12.61856883066021 0.1861984192016358 21.53610552332835 0.02191622295347569 0.048566760217028826 0.0 0.002961979135270309 0.0
13.688745095370793 0.1861984192016358 21.53610552332835 0.02191622295347569 0.048566760217028826 0.0 0.002961979135270309 0.0
14.849682622544636 0.1861984192016358 21.53610552332835 0.02191622295347569 0.048566760217028826 0.0 0.002961979135270309 0.0
16.10907884206832 0.18619848011496537 21.53610552332835 0.02191622295347569 0.048566760217028826 0.0 0.002961979135270309 0.0
17.47528400007683 0.18619848011496537 21.53610552332835 0.02191622295347569 0.048566760217028826 0.0 0.002961979135270309 0.0
18.957356524063755 0.18619848011496537 21.53610552332835 0.02191622295347569 0.048566760217028826 0.0 0.002961979135270309 0.0
20.565123083486515 0.18619848011496537 21.53610552332835 0.02191622295347569 0.048566760217028826 0.0 0.002961979135270309 0.0
22.309243744089834 0.18619848011496537 21.53610552332835 0.02191622295347569 0.048566760217028826 0.0 0.002961979135270309 0.0
24.201282647943835 0.18619848011496537 21.53610552332835 0.02191622295347569 0.048566760217028826 0.0 0.002961979135270309 0.0
26.253784687830592 0.18619848011496537 21.53610552332835 0.02191622295347569 0.048566760217028826 0.0 0.002961979135270309 0.0
28.48035868435799 0.18619848011496537 21.53610552332835 0.02191622295347569 0.048566760217028826 0.0 0.002961978145420007 0.0
30.895767617294002 0.18619848011496537 21.53610552332835 0.02191622295347569 0.04856674932844535 0.0 0.002961978145420007 0.0
33.51602650938841 0.18619848011496537 21.53610552332835 0.02191622295347569 0.04856674932844535 0.0 0.002961978145420007 0.0
36.35850861168578 0.18619848011496537 21.53610552332835 0.02191622295347569 0.04856677030039313 0.0 0.002961978145420007 0.0
39.442060594376564 0.18619848011496537 21.53610552332835 0.02191622295347569 0.04856677030039313 0.0 0.002961978145420007 0.0
42.78712750694267 0.18619848011496537 21.53610552332835 0.02191622295347569 0.04856677030039313 0.0 0.002961978145420007 0.0
46.41588833612773 0.18619848011496537 21.53610552332835 0.02191622295347569 0.04856677030039313 0.0 0.002961978145420007 0.0
50.35240306053035 0.18619848011496537 21.53610552332835 0.02191622295347569 0.04856677030039313 0.0 0.002961978145420007 0.0
54.62277217684337 0.18619848011496537 21.53610552332835 0.021916221473044218 0.04856677030039313 0.0 0.002961978145420007 0.0
59.25530975545674 0.18619848011496537 21.53610552332835 0.021916221473044218 0.04856677030039313 0.0 0.002961978145420007 0.0
64.28073117284319 0.18619848011496537 21.53610552332835 0.021916221473044218 0.04856677030039313 0.0 0.002961978145420007 0.0
69.7323567654597 0.18619848011496537 21.53610552332835 0.021916221473044218 0.04856677030039313 0.0 0.002961978145420007 0.0
75.64633275546291 0.18619848011496537 21.53610552332835 0.021916221473044218 0.04856677030039313 0.0 0.002961978145420007 0.0
82.06187091305455 0.18619848011496537 21.53610552332835 0.021916221473044218 0.04856677030039313 0.0 0.002961978145420007 0.0
89.02150854450375 0.18619848011496537 21.53610552332835 0.021916221473044218 0.04856677030039313 0.0 0.002961978145420007 0.0
96.57139052966039 0.18619848011496537 21.53610552332835 0.021916221473044218 0.04856677030039313 0.0 0.002961978145420007 0.0
104.7615752789664 0.18619848011496537 21.53610552332835 0.021916221473044218 0.04856677030039313 0.0 0.002961978145420007 0.0
113.64636663857242 0.18619848011496537 21.53610552332835 0.021916221473044218 0.04856677030039313 0.0 0.002961978145420007 0.0
123.28467394420659 0.18619848011496537 21.53610552332835 0.021916221473044218 0.04856677030039313 0.0 0.002961978145420007 0.0
133.74040261108215 0.18619848011496537 21.53610552332835 0.021916221473044218 0.04856677030039313 0.0 0.002961978145420007 0.0
145.082877849594 0.18619848011496537 21.53610552332835 0.021916221473044218 0.04856677030039313 0.0 0.002961978145420007 0.0
157.38730431619013 0.18619848011496537 21.53610552332835 0.021916221473044218 0.04856677030039313 0.0 0.002961978145420007 0.0
170.73526474706887 0.18619848011496537 21.53610552332835 0.021916221473044218 0.04856677030039313 0.0 0.002961978145420007 0.0
185.21526088081706 0.18619848011496537 21.53610552332835 0.021916221473044218 0.04856677030039313 0.0 0.002961978145420007 0.0
200.92330025650458 0.18619848011496537 21.53610552332835 0.021916221473044218 0.04856677030039313 0.0 0.002961978145420007 0.0
217.96353277791204 0.18619848011496537 21.53610552332835 0.021916221473044218 0.04856677030039313 0.0 0.002961978145420007 0.0
236.4489412645407 0.18619848011496537 21.53610552332835 0.021916221473044218 0.04856677030039313 0.0 0.002961978145420007 0.0
256.5020905680046 0.18619848011496537 21.53610552332835 0.021916221473044218 0.04856677030039313 0.0 0.002961978145420007 0.0
278.2559402207126 0.18619848011496537 21.53610552332835 0.021916221473044218 0.04856677030039313 0.0 0.002961978145420007 0.0
301.8547260049918 0.18619848011496537 21.53610552332835 0.021916221473044218 0.04856677030039313 0.0 0.002961978145420007 0.0
327.4549162877725 0.18619848011496537 21.53610552332835 0.021916221473044218 0.04856677030039313 0.0 0.002961978145420007 0.0
355.2262494616661 0.18619848011496537 21.53610552332835 0.021916221473044218 0.04856677030039313 0.0 0.002961978145420007 0.0
385.3528593710527 0.18619848011496537 21.53610552332835 0.021916221473044218 0.04856677030039313 0.0 0.002961978145420007 0.0
418.0344961851454 0.18619848011496537 21.53610552332835 0.021916221473044218 0.04856677030039313 0.0 0.002961978145420007 0.0
453.4878508128582 0.18619848011496537 21.53610552332835 0.021916221473044218 0.04856677030039313 0.0 0.002961978145420007 0.0
491.94799164082207 0.18619848011496537 21.53610552332835 0.021916221473044218 0.04856677030039313 0.0 0.002961978145420007 0.0
533.6699231206302 0.18619848011496537 21.53610552332835 0.021916221473044218 0.04856677030039313 0.0 0.002961978145420007 0.0
578.9302765393112 0.18619848011496537 21.53610552332835 0.021916221473044218 0.04856677030039313 0.0 0.002961978145420007 0.0
628.0291441834247 0.18619848011496537 21.53610552332835 0.021916221473044218 0.04856677030039313 0.0 0.002961978145420007 0.0
681.2920690579608 0.18619848011496537 21.53610552332835 0.021916221473044218 0.04856677030039313 0.0 0.002961978145420007 0.0
739.0722033525775 0.18619848011496537 21.53610552332835 0.021916221473044218 0.04856677030039313 0.0 0.002961978145420007 0.0
801.7526499665792 0.18619848011496537 21.53610552332835 0.021916221473044218 0.04856677030039313 0.0 0.002961978145420007 0.0
869.7490026177834 0.18619848011496537 21.53610552332835 0.021916221473044218 0.04856677030039313 0.0 0.002961978145420007 0.0
943.5121013771044 0.18619848011496537 21.53610552332835 0.021916221473044218 0.04856677030039313 0.0 0.002961978145420007 0.0
1023.5310218990247 0.18619848011496537 21.53610552332835 0.021916221473044218 0.04856677030039313 0.0 0.002961978145420007 0.0
1110.3363181676368 0.18619848011496537 21.53610552332835 0.021916221473044218 0.04856677030039313 0.0 0.002961978145420007 0.0
1204.5035402587812 0.18619848011496537 21.53610552332835 0.021916221473044218 0.04856677030039313 0.0 0.002961978145420007 0.0
1306.6570504423448 0.18619848011496537 21.53610552332835 0.021916221473044218 0.04856677030039313 0.0 0.002961978145420007 0.0
1417.4741629268049 0.18619848011496537 21.53610552332835 0.021916221473044218 0.04856677030039313 0.0 0.002961978145420007 0.0
1537.689634694013 0.18619848011496537 21.53610552332835 0.021916221473044218 0.04856677030039313 0.0 0.002961978145420007 0.0
1668.100537200059 0.18619848011496537 21.53610552332835 0.021916221473044218 0.04856677030039313 0.0 0.002961978145420007 0.0
1809.5715412433183 0.18619848011496537 21.53610552332835 0.021916221473044218 0.04856677030039313 0.0 0.002961978145420007 0.0
1963.0406500402685 0.18619848011496537 21.53610552332835 0.021916221473044218 0.04856677030039313 0.0 0.002961978145420007 0.0
2129.52541852136 0.18619848011496537 21.53610552332835 0.021916221473044218 0.04856677030039313 0.0 0.002961978145420007 0.0
2310.1297000831582 0.18619848011496537 21.53610552332835 0.021916221473044218 0.04856677030039313 0.0 0.002961978145420007 0.0
2506.0509655300802 0.18619848011496537 21.53610552332835 0.021916221473044218 0.04856677030039313 0.0 0.002961978145420007 0.0
2718.58824273294 0.18619848011496537 21.53610552332835 0.021916221473044218 0.04856677030039313 0.0 0.002961978145420007 0.0
2949.150729647068 0.18619848011496537 21.53610552332835 0.021916221473044218 0.04856677030039313 0.0 0.002961978145420007 0.0
3199.2671377973843 0.18619848011496537 21.53610552332835 0.021916221473044218 0.04856677030039313 0.0 0.002961978145420007 0.0
3470.5958281810613 0.18619848011496537 21.53610552332835 0.021916221473044218 0.04856677030039313 0.0 0.002961978145420007 0.0
3764.9358067924636 0.18619848011496537 21.53610552332835 0.021916221473044218 0.04856677030039313 0.0 0.002961978145420007 0.0
4084.238652674517 0.18619848011496537 21.53610552332835 0.021916221473044218 0.04856677030039313 0.0 0.002961978145420007 0.0
4430.621457583878 0.18619848011496537 21.53610552332835 0.021916221473044218 0.04856677030039313 0.0 0.002961978145420007 0.0
4806.380863064389 0.18619848011496537 21.53610552332835 0.021916221473044218 0.04856677030039313 0.0 0.002961978145420007 0.0
5214.008287999684 0.18619848011496537 21.53610552332835 0.021916221473044218 0.04856677030039313 0.0 0.002961978145420007 0.0
5656.20644760902 0.18619848011496537 21.53610552332835 0.021916221473044218 0.04856677030039313 0.0 0.002961978145420007 0.0
6135.907273413163 0.18619848011496537 21.53610552332835 0.021916221473044218 0.04856677030039313 0.0 0.002961978145420007 0.0
6656.291352986187 0.18619848011496537 21.53610552332835 0.021916221473044218 0.04856677030039313 0.0 0.002961978145420007 0.0
7220.8090183854565 0.18619848011496537 21.53610552332835 0.021916221473044218 0.04856677030039313 0.0 0.002961978145420007 0.0
7833.203223083877 0.18619848011496537 21.53610552332835 0.021916221473044218 0.04856677030039313 0.0 0.002961978145420007 0.0
8497.534359086438 0.18619848011496537 21.53610552332835 0.021916221473044218 0.04856677030039313 0.0 0.002961978145420007 0.0
9218.207178777464 0.18619848011496537 21.53610552332835 0.021916221473044218 0.04856677030039313 0.0 0.002961978145420007 0.0
10000.0 0.18619848011496537 21.53610552332835 0.021916221473044218 0.04856677030039313 0.0 0.002961978145420007 0.0
10000000.0 0.18619848011496537 21.53610552332835 0.021916221473044218 0.04856677030039313 0.0 0.002961978145420007 0.0
