0.0 0.1969812725529977 0.06646630838554897 18.869299062951146 26.269133610910057 21.803205490112305 
0.001 0.1969812725529977 0.06646630838554897 18.869299062951146 26.269133610910057 21.803205490112305 
0.0011226677735108135 0.1969812725529977 0.06646630838554897 18.869299062951146 26.269133610910057 21.803205490112305 
0.0012603829296797275 0.1969812725529977 0.06646630838554897 18.869299062951146 26.269133610910057 21.803205490112305 
0.0014149912974345759 0.1969812725529977 0.06646630838554897 18.869299062951146 26.269133610910057 21.803205490112305 
0.0015885651294280528 0.1969812725529977 0.06646630838554897 18.869299062951146 26.269133610910057 21.803205490112305 
0.0017834308769319094 0.1969812725529977 0.06646630838554897 18.869299062951146 26.269133610910057 21.803205490112305 
0.0020022003718155844 0.1969812725529977 0.06646630838554897 18.869299062951146 26.269133610910057 21.803205490112305 
0.002247805833548725 0.1969812725529977 0.06646630838554897 18.869299062951146 26.269133610910057 21.803205490112305 
0.0025235391704347657 0.1969812725529977 0.06646630838554897 18.869299062951146 26.269133610910057 21.803205490112305 
0.002833096101839324 0.1969812725529977 0.06646630838554897 18.869299062951146 26.269133610910057 21.803205490112305 
0.0031806256927941192 0.1969812725529977 0.06646630838554897 18.869299062951146 26.269133610910057 21.803205490112305 
0.003570785964900463 0.1969812725529977 0.06646630838554897 18.869299062951146 26.269133610910057 21.803205490112305 
0.004008806328898464 0.1969812725529977 0.06646630838554897 18.869299062951146 26.269133610910057 21.803205490112305 
0.004500557675700498 0.1969812725529977 0.06646630838554897 18.869299062951146 26.269133610910057 21.803205490112305 
0.00505263106533568 0.1969812725529977 0.06646630838554897 18.869299062951146 26.269133610910057 21.803205490112305 
0.005672426068491977 0.1969812725529977 0.06646630838554897 18.869299062951146 26.269133610910057 21.803205490112305 
0.006368249944718587 0.1969812725529977 0.06646630838554897 18.869299062951146 26.269133610910057 21.803205490112305 
0.007149428986597577 0.1969812725529977 0.06646630838554897 18.869299062951146 26.269133610910057 21.803205490112305 
0.008026433522257174 0.1969812725529977 0.06646630838554897 18.869299062951146 26.269133610910057 21.803205490112305 
0.009011018251665018 0.1969812725529977 0.06646630838554897 18.869299062951146 26.269133610910057 21.803205490112305 
0.010116379797662075 0.1969812725529977 0.06646630838554897 18.869299062951146 26.269133610910057 21.803205490112305 
0.011357333583431058 0.1969812725529977 0.06646630838554897 18.869299062951146 26.269133610910057 21.803205490112305 
0.012750512407130135 0.1969812725529977 0.06646630838554897 18.869299062951146 26.269133610910057 21.803205490112305 
0.014314589375234792 0.1969812725529977 0.06646630838554897 18.869299062951146 26.269133610910057 21.803205490112305 
0.01607052818261639 0.1969812725529977 0.06646630838554897 18.869299062951146 26.269133610910057 21.803205490112305 
0.018041864093920727 0.1969812725529977 0.06646630838554897 18.869299062951146 26.269133610910057 21.803205490112305 
0.020255019392306676 0.1969812725529977 0.06646630838554897 18.869299062951146 26.269133610910057 21.803205490112305 
0.022739657523579287 0.19698127498695317 0.06646630733526741 18.869299058113867 26.269133613906707 21.803205490112305 
0.025529080682395178 0.19698127498695317 0.06646630733526741 18.869299058113867 26.269133613906707 21.803205490112305 
0.028660676169482518 0.19698127498695317 0.06646630733526741 18.869299058113867 26.269133613906707 21.803205490112305 
0.03217641750250737 0.19698127498695317 0.06646630733526741 18.869299058113867 26.269133613906707 21.803205490112305 
0.036123426997094324 0.19698127498695317 0.06646630733526741 18.869299058113867 26.269133613906707 21.803205490112305 
0.040554607358408296 0.19698127498695317 0.06646630733526741 18.869299058113867 26.269133613906707 21.803205490112305 
0.0455293507486695 0.19698127498695317 0.06646630733526741 18.869299058113867 26.269133613906707 21.803205490112305 
0.051114334834401684 0.19698127498695317 0.06646630733526741 18.869299058113867 26.269133613906707 21.803205490112305 
0.057384416483023955 0.19698127498695317 0.06646630733526741 18.869299058113867 26.269133613906707 21.803205490112305 
0.06442363508721373 0.19698127498695317 0.06646630733526741 18.869299058113867 26.269133613906707 21.803205490112305 
0.07232633896483537 0.1969813041944188 0.06646629473192293 18.86929901519756 26.26913364049299 21.803205490112305 
0.08119844993184012 0.1969813450908193 0.06646631603411743 18.86929898336837 26.269133660210898 21.803205490112305 
0.09115888299750823 0.1969813450908193 0.06646631603411743 18.86929898336837 26.269133660210898 21.803205490112305 
0.10234114021054538 0.1969813450908193 0.06646631603411743 18.86929898336837 26.269133660210898 21.803205490112305 
0.11489510001873098 0.1969813450908193 0.06646631603411743 18.86929898336837 26.269133660210898 21.803205490112305 
0.12898902612533095 0.1969813450908193 0.06646631603411743 18.86929898336837 26.269133660210898 21.803205490112305 
0.14481182276745344 0.1969813450908193 0.06646631603411743 18.86929898336837 26.269133660210898 21.803205490112305 
0.1625755666443795 0.1969813450908193 0.06646631603411743 18.86929898336837 26.269133660210898 21.803205490112305 
0.18251834943190443 0.19698135726059665 0.06646631078276408 18.869298978517495 26.269133663215975 21.803205490112305 
0.20490746898158482 0.19698142297739438 0.066466282425646 18.86929884013569 26.26913374894234 21.803205490112305 
0.23004301197729193 0.19698175399533843 0.06646613959466839 18.869298052760666 26.269134236715217 21.803205490112305 
0.2582618760682677 0.19698176475728818 0.06646611655173154 18.869310768418217 26.269152217490166 21.803205490112305 
0.2899422853882878 0.19698176475728818 0.06646611655173154 18.869310768418217 26.269152217490166 21.803205490112305 
0.325508859983506 0.19698176475728818 0.06646611655173154 18.869310768418217 26.269152217490166 21.803205490112305 
0.36543830709572583 0.19698176475728818 0.06646611655173154 18.869310768418217 26.269152217490166 21.803205490112305 
0.41026581058271944 0.19698177194266184 0.06646608868300381 18.869327298773033 26.2691755924976 21.803205490112305 
0.46059220411451085 0.19698177194266184 0.06646608868300381 18.869327298773033 26.2691755924976 21.803205490112305 
0.517092024289676 0.19698177194266184 0.06646608868300381 18.869327298773033 26.2691755924976 21.803205490112305 
0.5805225516094902 0.1969817914143056 0.06646608028141021 18.8693272682281 26.26917561141998 21.803205490112305 
0.6517339604882427 0.19698453960780374 0.06646629958320288 18.86991738657874 26.270077114199456 21.803205490112305 
0.73168071434272 0.19698456734052042 0.06646624020317017 18.873582039085253 26.27525917371521 21.803205490112305 
0.821434358491943 0.19698456734052042 0.06646624020317017 18.873582039085253 26.27525917371521 21.803205490112305 
0.9221978823334331 0.19698464805514354 0.06646606738091183 18.874014371442023 26.275870520098266 21.803205490112305 
1.0353218432956626 0.19698465051636327 0.06646606810055335 18.874014379440464 26.27587051441945 21.803205490112305 
1.162322468679853 0.19698465051636327 0.06646606810055335 18.874014379440464 26.27587051441945 21.803205490112305 
1.3049019780144029 0.19698465051636327 0.06646606810055335 18.874014379440464 26.27587051441945 21.803205490112305 
1.4649713983072863 0.19698465051636327 0.06646606810055335 18.874014379440464 26.27587051441945 21.803205490112305 
1.6446761779946644 0.1969846882996802 0.06646610632469606 18.874014371303804 26.275870519460227 21.803205490112305 
1.8464249428955444 0.1969846882996802 0.06646610632469606 18.874014371303804 26.275870519460227 21.803205490112305 
2.072921779595372 0.19699004857849853 0.06645462990716729 18.17537036902516 25.287945988535444 21.803205490112305 
2.3272024789604098 0.19699054197250251 0.06645557780593245 18.17537036902516 25.287945988535444 21.803205490112305 
2.612675225563329 0.19699282770454685 0.06645519560888172 18.17535576686878 25.28795498539712 21.803205490112305 
2.933166278390045 0.19699282770454685 0.06645519560888172 18.17535576686878 25.28795498539712 21.803205490112305 
3.2929712550971515 0.1969931630054594 0.06645536113558138 18.175356754630567 25.287962121400255 21.803205490112305 
3.6969127071950285 0.1969931630054594 0.06645536113558138 18.175356754630567 25.287962121400255 21.803205490112305 
4.150404757850477 0.1969931630054594 0.06645536113558138 18.175356754630567 25.287962121400255 21.803205490112305 
4.659525668664682 0.1969947898717063 0.06645583678595608 18.17535553550356 25.287962987104137 21.803205490112305 
5.2310993080562636 0.19699776302267136 0.06645648495628886 18.17541552697288 25.288060839351008 21.803205490112305 
5.872786613189483 0.1969982700760731 0.0664559353950838 18.178567094864416 25.292717604686928 21.803205490112305 
6.593188271333548 0.19699833411983625 0.0664559529227464 18.178567088084748 25.29271760948048 21.803205490112305 
7.401959996915645 0.19699843352287513 0.0664557550779119 18.180597782822364 25.29558911294589 21.803205490112305 
8.309941949353396 0.19702328851351084 0.06640548593339324 17.56625676169873 24.42688497057347 21.803205490112305 
9.329304026284687 0.19702328851351084 0.06640548593339324 17.56625676169873 24.42688497057347 21.803205490112305 
10.473708979594509 0.19702328851351084 0.06640548593339324 17.56625676169873 24.42688497057347 21.803205490112305 
11.758495540521581 0.19702456155649362 0.06640662361202261 17.56625695474974 24.42688481285853 21.803205490112305 
13.200884008314194 0.19702671885153333 0.06640500587535023 17.574338578972558 24.438318903344722 21.803205490112305 
14.8202070579886 0.19706068232070584 0.0663480636916712 16.741880269758198 23.261212822605 21.803205490112305 
16.638168860761308 0.19706170645828097 0.0663483567708842 16.74187979599263 23.261213159037446 21.803205490112305 
18.679135990207847 0.19707723266023125 0.06634163942261867 16.741842380324343 23.261235916103118 21.803205490112305 
20.97046401323235 0.19708860932749586 0.06635484964371223 16.74184116544307 23.26123676903128 21.803205490112305 
23.542864143224204 0.19709026166104668 0.06635420489584698 16.741237134439682 23.261659183510925 21.803205490112305 
26.430814869741084 0.19711428187435576 0.0663117202258798 16.03395943454111 22.261563931329114 21.803205490112305 
29.673024081888727 0.19713242315821702 0.06631697431905134 16.033950019667156 22.261570619057395 21.803205490112305 
33.31294787934677 0.19719764429899905 0.06617767604021425 14.584787218560386 20.21247243557021 21.803205490112305 
37.39937302478802 0.19721105129409058 0.06618433099656751 14.584770229367692 20.21248434101917 21.803205490112305 
41.987070844439145 0.19723345008904905 0.06619473869925772 14.584765477629457 20.212487483278927 21.803205490112305 
47.13753134116729 0.19723932215285872 0.06618965053903836 14.596105011332785 20.22854474018514 21.803205490112305 
52.919787359584475 0.1972404145130656 0.06618731335993305 14.607541473850382 20.244715501825628 21.803205490112305 
59.411339849650396 0.19752972311304953 0.06585620790823092 10.368081628808318 14.25132096564192 21.803205490112305 
66.69919663030129 0.19754782636821547 0.06589120031642323 10.368081628808318 14.25132096564192 21.803205490112305 
74.8810385759003 0.19758373421089537 0.06590035245812514 10.368050723617277 14.251342545883494 21.803205490112305 
84.06652885618334 0.19760278352621152 0.06590545725058651 10.368049508611932 14.2513433948288 21.803205490112305 
94.37878277775391 0.1976135694090319 0.06591184735679527 10.368093650909074 14.251312738638761 21.803205490112305 
105.9560179277617 0.19762616706931505 0.0659099758036169 10.372601133119916 14.257704868381865 21.803205490112305 
118.95340673703207 0.19797389381531072 0.0657824615691832 8.646219892032619 11.817438324311121 21.803205490112305 
133.54515629299001 0.1980343406532934 0.06579863869807297 8.646217872002012 11.817439732173517 21.803205490112305 
149.9268432786047 0.19812919910816218 0.06576932677581852 8.645285244073472 11.818083858525847 21.803205490112305 
168.31803533309585 0.1983240367627826 0.06582316240740523 8.645237552099994 11.818117274859107 21.803205490112305 
188.96523396912116 0.19853754370849447 0.06588999037209638 8.64518654646435 11.818143762677005 21.803205490112305 
212.1451784910632 0.1986172821518983 0.06586157338180125 8.642286828745501 11.817138334748417 21.803205490112305 
238.16855519761606 0.1993144110578818 0.06546439072242244 7.9533135709511695 10.843506203957968 21.803205490112305 
267.38416158399497 0.19973617211648487 0.0654834400648366 7.951888714336554 10.84449066629428 21.803205490112305 
300.1835813575592 0.19974304317277983 0.0654803823099327 7.951887222479932 10.844491404946986 21.803205490112305 
337.00643292719315 0.20032939231314426 0.0656973840958324 7.951154742124149 10.844989942119 21.803205490112305 
378.34626171319326 0.20077329531996074 0.06565840736234418 7.951105174539679 10.845015161968888 21.803205490112305 
424.75715525369026 0.20103440361862093 0.06567441551255793 7.948947184349264 10.846506885416726 21.803205490112305 
476.86116977144746 0.20253644445173674 0.0654325577573311 6.803600692308056 9.23400303389697 21.803205490112305 
535.356667741073 0.20310425942519547 0.06568376212974866 6.803490106197307 9.234053670870871 21.803205490112305 
601.0276782070388 0.20348887632062493 0.06566627721600368 6.801704850092064 9.235284416209891 21.803205490112305 
674.75440531107 0.204707182448107 0.06583746475836344 6.797916628416472 9.23789876416512 21.803205490112305 
757.525025877192 0.2055781046182651 0.0663208999583156 6.797831772678069 9.237939219240225 21.803205490112305 
850.4489341802686 0.20676849987444604 0.06643869657298036 6.795984835589077 9.239208491731079 21.803205490112305 
954.7716114208066 0.20796340413723718 0.06664462608076162 6.843542312849088 9.308404574294107 21.803205490112305 
1071.8913192051286 0.21071986708584342 0.06504758128732457 6.62802702193996 9.012041212074719 21.803205490112305 
1203.3778407775906 0.21189174249133744 0.06618186039323852 6.6279767546646084 9.012076019347582 21.803205490112305 
1350.9935211980278 0.21312938048860589 0.0663121803557199 6.625335870225835 9.013902193751788 21.803205490112305 
1516.716888470924 0.21549551250910012 0.06631155855268736 6.621120236720409 9.01680311151703 21.803205490112305 
1702.7691722259012 0.2168946005354424 0.06757313425549281 6.621067496646079 9.016837212157984 21.803205490112305 
1911.6440753857037 0.218628646851736 0.0673865242761723 6.620294583338114 9.017330661028657 21.803205490112305 
2146.141197858406 0.222481990625917 0.06878429689168111 6.616665711784722 9.019846896114016 21.803205490112305 
2409.403560239527 0.2247374332494444 0.06858692036318076 6.678944982317205 9.111829252669379 21.803205490112305 
2704.959730463137 0.22786325845354333 0.06924643801263554 6.693119914578377 9.102006297334418 21.803205490112305 
3036.7711180354604 0.23055947098586058 0.07107650272533929 6.6931023485969785 9.102018489119764 21.803205490112305 
3409.2850697468143 0.23482594867091297 0.07117513683330919 6.690456556480051 9.103812762327951 21.803205490112305 
3827.494478516315 0.23922487939704837 0.07299159592887138 6.5021415764886425 8.837861635743593 21.803205490112305 
4297.004704320844 0.24410665250387656 0.07263149455563846 6.498080591679347 8.840615490382852 21.803205490112305 
4824.108704165374 0.24946036858512652 0.0733972482333738 6.493203132682262 8.84396185462826 21.803205490112305 
5415.871378079476 0.252119277661551 0.07503275652788807 6.590087779510167 8.980877032354627 21.803205490112305 
6080.224261649427 0.2566478970849109 0.07703397206810315 6.590624580564557 8.980505073066913 21.803205490112305 
6826.071834272393 0.2692325408666513 0.07940491834216087 6.589526737532667 8.981208012818461 21.803205490112305 
7663.410868007462 0.2781496589541118 0.08693913922434009 6.589707845436464 8.98108261565603 21.803205490112305 
8603.46441668451 0.2836878419725481 0.08660980231318069 6.586549674970013 8.983251702570385 21.803205490112305 
9658.832241158709 0.29341449942972686 0.0895828558475158 6.618924286296364 9.043131060737277 21.803205490112305 
10843.65968689611 0.302049841724351 0.09122862128602732 7.771733151086827 10.67286799950293 21.803205490112305 
12173.82727739662 0.3100181523405625 0.09203025198588069 8.414996698454607 11.582270325832253 21.803205490112305 
13667.163564620074 0.3150175141736974 0.09566483439582749 8.412824766022963 11.583787141849164 21.803205490112305 
15343.684089300132 0.3366065565509076 0.09600584747694436 7.7253204655110395 10.615890439768949 21.803205490112305 
17225.859653987874 0.3423501509412161 0.09447355935842162 7.725227415126718 10.615935577707736 21.803205490112305 
19338.917504552322 0.35344052576990975 0.10223976666167886 7.723363213059788 10.617237277897962 21.803205490112305 
21711.179456945054 0.37232485544419813 0.10838925436055848 7.731803272106561 10.611350423019507 21.803205490112305 
24374.441501222216 0.38433383561854195 0.10969778652814151 8.284114320510174 11.392101457256054 21.803205490112305 
27364.39997074672 0.44236172974625193 0.12555430627237865 8.269324526390259 11.400681996571551 21.803205490112305 
30721.12998861759 0.4606753476385426 0.12800927886697763 8.269195718087246 11.400757230382116 21.803205490112305 
34489.6226040576 0.4671322506612646 0.13081525772783684 8.263754073648679 11.404552245941057 21.803205490112305 
38720.38781812557 0.4957832218564834 0.14209657397526607 8.263691945906322 11.404598501871153 21.803205490112305 
43470.131581250265 0.5308765121701552 0.15030331439541575 8.258913900182227 11.40730337834124 21.803205490112305 
48802.515836544335 0.5762239589751837 0.18052518802132725 8.264005852300818 11.403745474180132 21.803205490112305 
54789.01179593945 0.6004276942469164 0.18344674891263066 8.263092809677152 11.404270451922011 21.803205490112305 
61509.857885805046 0.6553925873484916 0.19516593642801344 8.26317658512043 11.40419739636655 21.803205490112305 
69055.13520162331 0.7012125059952359 0.19217426878339797 9.463371601971632 13.10135284529398 21.803205490112305 
77525.97488629464 0.7509194404699766 0.21401073921081876 9.461848360161595 13.102415298098364 21.803205490112305 
87035.91361485166 0.8276281526543978 0.229016810028284 9.455409030032724 13.106747169445404 21.803205490112305 
97712.41535346501 0.8577492761556419 0.253791840521024 9.455406481067612 13.106752948274952 21.803205490112305 
109698.57978923863 0.9045440633933066 0.2589367982867411 9.455447803792765 13.10672402968748 21.803205490112305 
123155.06032928261 0.9947194562938637 0.28365393969130454 9.454429980231254 13.107346156628996 21.803205490112305 
138262.2173764659 1.0170456253720852 0.29074875335265726 9.449285501908548 13.110940913816798 21.803205490112305 
155222.5357427048 1.0989529315880435 0.3478954517371629 9.44608533712419 13.113179154759223 21.803205490112305 
174263.33860096542 1.187502846329988 0.36647770755735876 9.44610768926639 13.113163230737873 21.803205490112305 
195639.8343517065 1.2007419239935364 0.3669667225344284 9.446045227777905 13.113202095071301 21.803205490112305 
219638.53724165514 1.2351886396378735 0.38621286103701374 9.438222804615375 13.118683816864909 21.803205490112305 
246581.1075822604 1.4931719536513228 0.48898365144360895 9.436728434180456 13.119582927865174 21.803205490112305 
276828.6630392072 1.5269622851116056 0.5029092832052249 9.43148016783493 13.123269221598687 21.803205490112305 
310786.6187782014 1.7695756019926516 0.5912598510837006 9.428662237679267 13.125246565633125 21.803205490112305 
348910.1213406781 1.793849568395161 0.5983006299806216 9.428631098034154 13.125265568956872 21.803205490112305 
391710.1490809261 1.8449546849814877 0.5833145806126973 9.428653683621675 13.125253783104526 21.803205490112305 
439760.360930273 2.04243727913715 0.6975041338158261 9.427859620895532 13.1257403328031 21.803205490112305 
493704.7852839004 2.336839514399717 0.7685890077127886 9.42738374780047 13.126047525017306 21.803205490112305 
554266.4520663118 2.4819089132234087 0.8257011329649036 9.422337990695222 13.129590801039352 21.803205490112305 
622257.0836730232 2.6182456794414852 0.9285214886555362 13.753474350291716 19.252583598654297 21.803205490112305 
698587.9746785263 2.642088135242145 0.9333414376299158 13.753098271681798 19.252825808810016 21.803205490112305 
784282.2061337682 2.8656397636779056 0.995071976695456 13.752795459799609 19.253027683335336 21.803205490112305 
880488.3581643483 2.8656398388876254 0.9950719754054124 13.752795453037713 19.253027688120877 21.803205490112305 
988495.9046625586 3.5219389778014745 1.1900379361400284 15.192860941052878 21.28253287516928 21.803205490112305 
1109752.4964120744 3.5945494501335338 1.251994518128748 15.188951523689912 21.285292890703623 21.803205490112305 
1245883.3642950081 3.6939626860364787 1.3320986880623749 15.191800425302445 21.283266550946077 21.803205490112305 
1398713.1026472414 3.852984650941666 1.3370668445134857 15.190633422105114 21.2840334209177 21.803205490112305 
1570290.1247293775 4.589772445118118 1.611597958507736 15.199667106192882 21.27757007665901 21.803205490112305 
1762914.1180959516 4.873389021404885 1.681771030149588 15.199849083374625 21.27744241293248 21.803205490112305 
1979166.8678535575 5.121023694892288 1.7336645015388037 15.637880209413325 21.884625193452624 21.803205490112305 
2221946.8609395283 5.214911449574187 1.7914879713347573 15.63378843490117 21.887516376694183 21.803205490112305 
2494508.135230317 5.495693065429321 1.9139234389458462 15.640843029626117 21.882540132579166 21.803205490112305 
2800503.8941836366 5.685191971158791 2.06688828528347 15.6493812334108 21.87646008918304 21.803205490112305 
3144035.4715915 5.941464040847278 2.109209366966133 15.649447590657541 21.8764192176427 21.803205490112305 
3529707.302730657 5.954484087958466 2.122503779030286 15.64938059402557 21.87647233506203 21.803205490112305 
3962688.638701478 6.710288728901488 2.365898783610639 15.646256837569052 21.87863918784776 21.803205490112305 
4448782.831127594 7.019704544754402 2.5270782973893335 15.669416545535789 21.862172248738013 21.803205490112305 
4994505.11585514 7.0448259922637995 2.554986857324864 15.67242525373169 21.860040765878193 21.803205490112305 
5607169.938205469 7.375975747982502 2.613329338984521 15.672120741716654 21.860248947108808 21.803205490112305 
6294988.990221888 7.375976062066858 2.6133293495960923 15.67212072146157 21.860248961521698 21.803205490112305 
7067181.273927506 7.444658246463883 2.664088216767149 15.6708982685796 21.861113710532504 21.803205490112305 
7934096.665797492 7.424151169048177 2.6476567535669906 15.674186082810207 21.85878826134642 21.803205490112305 
8907354.638610458 7.424151643942137 2.6476569076315273 15.67418992634719 21.858793635545595 21.803205490112305 
10000000.0 7.438326283188875 2.609663933535335 21.1803061668944 29.64549392577209 21.803205490112305 
