1.351564829934856771e-01,0.000000000000000000e+00,9.076180234703172534e-02,9.854804854346452259e-02,9.075953830895529262e-02,9.064163254106873124e-02,9.040314645478220168e-02
1.351564829934856771e-01,0.000000000000000000e+00,9.076180234703172534e-02,9.854804854346452259e-02,9.075953830895529262e-02,9.064163254106873124e-02,9.040314645478220168e-02
1.351564829934856771e-01,0.000000000000000000e+00,9.076180234703172534e-02,9.854804854346452259e-02,9.075953830895529262e-02,9.064163254106873124e-02,9.040314645478220168e-02
1.351564829934856771e-01,0.000000000000000000e+00,9.076180234703172534e-02,9.854804854346452259e-02,9.075953830895529262e-02,9.064163254106873124e-02,9.040314645478220168e-02
1.351564829934856771e-01,0.000000000000000000e+00,9.076180234703172534e-02,9.854804854346452259e-02,9.075953830895529262e-02,9.064163254106873124e-02,9.040314645478220168e-02
1.351564829934856771e-01,0.000000000000000000e+00,9.076180234703172534e-02,9.854804854346452259e-02,9.075953830895529262e-02,9.064163254106873124e-02,9.040314645478220168e-02
1.351564829934856771e-01,0.000000000000000000e+00,9.076180234703172534e-02,9.854804854346452259e-02,9.075953830895529262e-02,9.064163254106873124e-02,9.040314645478220168e-02
1.351564829934856771e-01,0.000000000000000000e+00,9.076180234703172534e-02,9.854804854346452259e-02,9.075953830895529262e-02,9.064163254106873124e-02,9.040314645478220168e-02
1.351564829934856771e-01,0.000000000000000000e+00,9.076180234703172534e-02,9.854804854346452259e-02,9.075953830895529262e-02,9.064163254106873124e-02,9.040314645478220168e-02
1.351564829934856771e-01,0.000000000000000000e+00,9.076180234703172534e-02,9.854804854346452259e-02,9.075953830895529262e-02,9.064163254106873124e-02,9.040314645478220168e-02
1.354372629862345689e-01,0.000000000000000000e+00,9.076180234703172534e-02,9.854804854346452259e-02,9.075953830895529262e-02,9.064163254106873124e-02,9.040314645478220168e-02
1.354372629862345689e-01,0.000000000000000000e+00,9.076180234703172534e-02,9.854804854346452259e-02,9.075953830895529262e-02,9.064163254106873124e-02,9.040314645478220168e-02
1.354372629862345689e-01,0.000000000000000000e+00,9.076180234703172534e-02,9.854804854346452259e-02,9.075953830895529262e-02,9.064163254106873124e-02,9.040314645478220168e-02
1.354372629862345689e-01,0.000000000000000000e+00,9.076180234703172534e-02,9.854804854346452259e-02,9.075953830895529262e-02,9.064163254106873124e-02,9.040314645478220168e-02
1.354372629862345689e-01,0.000000000000000000e+00,9.076180234703172534e-02,9.854804854346452259e-02,9.075949993171922303e-02,9.064163254106873124e-02,9.040314645478220168e-02
1.354372629862345689e-01,0.000000000000000000e+00,9.076180234703172534e-02,9.854804854346452259e-02,9.075949993171922303e-02,9.064163254106873124e-02,9.040314645478220168e-02
1.354372629862345689e-01,0.000000000000000000e+00,9.076180234703172534e-02,9.854804854346452259e-02,9.075949993171922303e-02,9.064163254106873124e-02,9.040314645478220168e-02
1.354372629862345689e-01,0.000000000000000000e+00,9.076180234703172534e-02,9.854804854346452259e-02,9.075949993171922303e-02,9.064163254106873124e-02,9.040314645478220168e-02
1.354372629862345689e-01,0.000000000000000000e+00,9.076180234703172534e-02,9.854804854346452259e-02,9.075949993171922303e-02,9.064163254106873124e-02,9.040314645478220168e-02
1.354372629862345689e-01,0.000000000000000000e+00,9.076180234703172534e-02,9.854804854346452259e-02,9.075949993171922303e-02,9.064163254106873124e-02,9.040318498707780592e-02
1.354372629862345689e-01,0.000000000000000000e+00,9.076180234703172534e-02,9.854804854346452259e-02,9.075949993171922303e-02,9.064163254106873124e-02,9.040318498707780592e-02
1.354372629862345689e-01,0.000000000000000000e+00,9.076222188603853824e-02,9.854804854346452259e-02,9.075878611512827598e-02,9.064163254106873124e-02,9.040318498707780592e-02
1.354372629862345689e-01,0.000000000000000000e+00,9.076222188603853824e-02,9.854804854346452259e-02,9.075592317331725167e-02,9.064163254106873124e-02,9.040318498707780592e-02
1.354372629862345689e-01,0.000000000000000000e+00,9.076222188603853824e-02,9.854804854346452259e-02,9.075592317331725167e-02,9.064163254106873124e-02,9.040318498707780592e-02
1.354372629862345689e-01,0.000000000000000000e+00,9.076222188603853824e-02,9.854804854346452259e-02,9.075592317331725167e-02,9.064163254106873124e-02,9.040318498707780592e-02
1.354372629862345689e-01,0.000000000000000000e+00,9.076222188603853824e-02,9.854804854346452259e-02,9.075592317331725167e-02,9.064163254106873124e-02,9.040318498707780592e-02
1.354372629862345689e-01,0.000000000000000000e+00,9.077206551421683478e-02,9.842263704563285198e-02,9.075592317331725167e-02,9.064163254106873124e-02,9.040318498707780592e-02
1.354372629862345689e-01,0.000000000000000000e+00,9.077206551421683478e-02,9.842263704563285198e-02,9.075592317331725167e-02,9.064163254106873124e-02,9.040318498707780592e-02
1.354372629862345689e-01,0.000000000000000000e+00,9.077206551421683478e-02,9.842263704563285198e-02,9.075592317331725167e-02,9.064163254106873124e-02,9.040318498707780592e-02
1.354372629862345689e-01,0.000000000000000000e+00,9.060875607119558972e-02,9.842263704563285198e-02,9.075592317331725167e-02,9.064163254106873124e-02,9.040318498707780592e-02
1.354372629862345689e-01,0.000000000000000000e+00,9.060875607119558972e-02,9.842263704563285198e-02,9.075592317331725167e-02,9.064163254106873124e-02,9.040318498707780592e-02
1.354372629862345689e-01,0.000000000000000000e+00,9.060875607119558972e-02,9.842263704563285198e-02,9.075592317331725167e-02,9.064163254106873124e-02,9.040318498707780592e-02
1.354372629862345689e-01,0.000000000000000000e+00,9.060875607119558972e-02,9.842263704563285198e-02,9.075592317331725167e-02,9.064163254106873124e-02,9.040318498707780592e-02
1.354372629862345689e-01,0.000000000000000000e+00,9.060875607119558972e-02,9.842263704563285198e-02,9.075592317331725167e-02,9.064163254106873124e-02,9.040318498707780592e-02
1.354372629862345689e-01,0.000000000000000000e+00,9.060875607119558972e-02,9.842263704563285198e-02,9.084328511351311142e-02,9.064163254106873124e-02,9.040318498707780592e-02
1.354372629862345689e-01,0.000000000000000000e+00,9.060875607119558972e-02,9.842263704563285198e-02,9.084328511351311142e-02,9.064163254106873124e-02,9.040318498707780592e-02
1.354372629862345689e-01,0.000000000000000000e+00,9.060875607119558972e-02,9.842263704563285198e-02,9.084328511351311142e-02,9.064163254106873124e-02,9.027777007131865261e-02
1.354372629862345689e-01,0.000000000000000000e+00,9.060875607119558972e-02,9.842263704563285198e-02,9.084328511351311142e-02,9.064163254106873124e-02,9.045611294833096061e-02
1.354372629862345689e-01,0.000000000000000000e+00,9.060875607119558972e-02,9.842278601567948371e-02,9.084328511351311142e-02,9.064188608590209584e-02,9.045611294833096061e-02
1.354372629862345689e-01,0.000000000000000000e+00,9.100870105253945630e-02,9.842278601567948371e-02,9.084328511351311142e-02,9.064188608590209584e-02,9.045611294833096061e-02
1.354372629862345689e-01,0.000000000000000000e+00,9.100870105253945630e-02,9.842278601567948371e-02,9.084328511351311142e-02,9.064188608590209584e-02,9.045611294833096061e-02
1.354372629862345689e-01,0.000000000000000000e+00,9.100870105253945630e-02,9.842278601567948371e-02,9.084328511351311142e-02,9.063809827975516376e-02,9.045611294833096061e-02
1.354372629862345689e-01,0.000000000000000000e+00,9.100870105253945630e-02,9.844780234279659759e-02,9.084008445202464144e-02,9.066715605429412350e-02,9.045611294833096061e-02
1.354372629862345689e-01,0.000000000000000000e+00,9.100870105253945630e-02,9.844780234279659759e-02,9.084008445202464144e-02,9.122267278419640690e-02,9.045611294833096061e-02
1.354372629862345689e-01,0.000000000000000000e+00,9.100886420659766440e-02,9.844785554638467440e-02,9.086083118584553642e-02,9.122267278419640690e-02,9.045611294833096061e-02
1.354372629862345689e-01,0.000000000000000000e+00,9.100886420659766440e-02,9.844785554638467440e-02,9.086083118584553642e-02,9.122267278419640690e-02,9.045682194257023689e-02
1.354372629862345689e-01,0.000000000000000000e+00,9.100915943775060579e-02,9.844785554638467440e-02,9.086083118584553642e-02,9.122267278419640690e-02,9.081707578716856355e-02
1.354372629862345689e-01,0.000000000000000000e+00,9.100915943775060579e-02,9.844785554638467440e-02,9.086083118584553642e-02,9.122267278419640690e-02,9.081707578716856355e-02
1.354372629862345689e-01,0.000000000000000000e+00,9.100915943775060579e-02,9.844785554638467440e-02,9.086083118584553642e-02,9.122267278419640690e-02,9.081707578716856355e-02
1.354372629862345689e-01,0.000000000000000000e+00,9.100915943775060579e-02,9.844785554638467440e-02,9.086083118584553642e-02,9.122267278419640690e-02,9.081711431946416779e-02
1.354372629862345689e-01,0.000000000000000000e+00,9.100915943775060579e-02,9.844785554638467440e-02,9.145802703181982185e-02,9.122267278419640690e-02,9.081711431946416779e-02
1.354372629862345689e-01,0.000000000000000000e+00,9.100915943775060579e-02,9.818278462983241750e-02,9.145802703181982185e-02,9.122267278419640690e-02,9.081711431946416779e-02
1.354389304886321199e-01,0.000000000000000000e+00,9.099473195746085596e-02,9.818278462983241750e-02,9.145802703181982185e-02,9.122267278419640690e-02,9.081770001035747997e-02
1.353293321803658300e-01,0.000000000000000000e+00,9.099473195746085596e-02,9.818278462983241750e-02,9.145802703181982185e-02,9.122387904294908256e-02,9.081770001035747997e-02
1.353293321803658300e-01,0.000000000000000000e+00,9.099473195746085596e-02,9.818284847413812078e-02,9.145835707605004528e-02,9.122476260827747097e-02,9.081770001035747997e-02
1.362995330445066766e-01,0.000000000000000000e+00,9.187763625881094354e-02,9.821981432713890181e-02,9.145835707605004528e-02,9.122476260827747097e-02,9.081791579121291369e-02
1.362995330445066766e-01,0.000000000000000000e+00,9.187763625881094354e-02,9.824128729528962267e-02,9.145835707605004528e-02,9.122476260827747097e-02,9.081791579121291369e-02
1.362995330445066766e-01,0.000000000000000000e+00,9.187763625881094354e-02,9.827439056779550819e-02,9.145835707605004528e-02,9.122809710699505970e-02,9.081791579121291369e-02
1.369045051985872119e-01,0.000000000000000000e+00,9.207042997092190761e-02,9.831820904294151509e-02,9.174794402400732185e-02,9.210473989311901422e-02,9.175178450767440541e-02
1.369045051985872119e-01,0.000000000000000000e+00,9.207042997092190761e-02,9.831820904294151509e-02,9.174794402400732185e-02,9.210473989311901422e-02,9.175178450767440541e-02
1.369045051985872119e-01,0.000000000000000000e+00,9.207042997092190761e-02,9.831820904294151509e-02,9.174794402400732185e-02,9.210473989311901422e-02,9.175178450767440541e-02
1.369045051985872119e-01,0.000000000000000000e+00,9.207042997092190761e-02,9.831820904294151509e-02,9.244895796900544360e-02,9.210473989311901422e-02,9.196189340918954624e-02
1.369045051985872119e-01,0.000000000000000000e+00,9.207042997092190761e-02,9.831820904294151509e-02,9.287032467018910276e-02,9.210473989311901422e-02,9.197461677320076245e-02
1.369078173608836990e-01,0.000000000000000000e+00,9.323370286743412616e-02,9.723101500187956991e-02,9.287032467018910276e-02,9.210636872659397345e-02,9.197461677320076245e-02
1.369078173608836990e-01,0.000000000000000000e+00,9.323370286743412616e-02,9.723101500187956991e-02,9.287032467018910276e-02,9.210636872659397345e-02,9.201872083875868580e-02
1.369078173608836990e-01,0.000000000000000000e+00,9.406092501949146756e-02,9.739847861573287802e-02,9.287032467018910276e-02,9.213100099131420195e-02,9.201872083875868580e-02
1.384786388831224235e-01,0.000000000000000000e+00,9.406092501949146756e-02,9.739847861573287802e-02,9.288826986577669587e-02,9.421180502285529668e-02,9.378227465080492264e-02
1.384786388831224235e-01,0.000000000000000000e+00,9.406092501949146756e-02,9.773841762143697931e-02,9.288826986577669587e-02,9.421180502285529668e-02,9.378227465080492264e-02
1.384786388831224235e-01,0.000000000000000000e+00,9.406092501949146756e-02,9.773841762143697931e-02,9.491265371771645531e-02,9.421180502285529668e-02,9.415482800416272169e-02
1.390885221744012079e-01,0.000000000000000000e+00,9.406714818142582202e-02,9.791431932436039931e-02,9.491265371771645531e-02,9.490908404731558667e-02,9.415555241132023134e-02
1.390885221744012079e-01,0.000000000000000000e+00,9.406714818142582202e-02,9.791431932436039931e-02,9.491265371771645531e-02,9.561471468492337145e-02,9.415555241132023134e-02
1.390885221744012079e-01,0.000000000000000000e+00,9.752508190644491870e-02,9.791431932436039931e-02,9.491265371771645531e-02,9.561471468492337145e-02,9.415687021583017680e-02
1.390885221744012079e-01,0.000000000000000000e+00,9.752508190644491870e-02,9.791431932436039931e-02,9.497797944895938760e-02,9.562600127159648356e-02,9.726641876528961672e-02
1.429119110107421875e-01,0.000000000000000000e+00,9.752508190644491870e-02,9.771064534845710914e-02,9.825197983555630787e-02,9.562600127159648356e-02,9.726641876528961672e-02
1.429119110107421875e-01,0.000000000000000000e+00,9.752508190644491870e-02,9.806111866460186233e-02,9.933626723721233898e-02,9.562600127159648356e-02,9.726641876528961672e-02
1.443681317175219969e-01,0.000000000000000000e+00,9.752508190644491870e-02,9.806111866460186233e-02,9.933626723721233898e-02,1.004215405666816219e-01,9.726641876528961672e-02
1.443693309486983045e-01,0.000000000000000000e+00,1.015516929859542061e-01,9.806111866460186233e-02,9.933626723721233898e-02,1.015599799180198909e-01,9.726641876528961672e-02
1.443693309486983045e-01,0.000000000000000000e+00,1.015516929859542061e-01,9.806111866460186233e-02,9.933626723721233898e-02,1.015636447933385283e-01,1.027987008142952907e-01
1.443693309486983045e-01,0.000000000000000000e+00,1.015516929859542061e-01,9.968432821489278672e-02,9.935514116191287992e-02,1.015661956080257111e-01,1.028027004665798549e-01
1.443693309486983045e-01,0.000000000000000000e+00,1.015516929859542061e-01,9.968432821489278672e-02,1.064336688465755409e-01,1.015661956080257111e-01,1.028640747070312528e-01
1.547021694525987090e-01,0.000000000000000000e+00,1.015524854485226197e-01,1.014129872767662588e-01,1.064336688465755409e-01,1.015675094312531446e-01,1.028640747070312528e-01
1.547021694525987090e-01,0.000000000000000000e+00,1.105362373554051036e-01,1.014129872767662588e-01,1.064336688465755409e-01,1.103533603633638643e-01,1.028640747070312528e-01
1.573761351808102560e-01,0.000000000000000000e+00,1.105362373554051036e-01,1.014129872767662588e-01,1.064336688465755409e-01,1.103533603633638643e-01,1.139505328554095698e-01
1.573761351808102560e-01,0.000000000000000000e+00,1.105362373554051036e-01,1.014129872767662588e-01,1.064554901430064815e-01,1.103533603633638643e-01,1.155756015970249434e-01
1.573761351808102560e-01,0.000000000000000000e+00,1.105669802415152475e-01,1.014129872767662588e-01,1.220879353268045781e-01,1.104117525068054467e-01,1.156531054564196720e-01
1.573761351808102560e-01,0.000000000000000000e+00,1.105669802415152475e-01,1.152785339781097484e-01,1.220879353268045781e-01,1.104117525068054467e-01,1.156531054564196720e-01
1.573827709266525654e-01,0.000000000000000000e+00,1.265526983257223848e-01,1.152785339781097484e-01,1.220879353268045781e-01,1.305369428037276569e-01,1.156531054564196720e-01
1.748957491206551695e-01,0.000000000000000000e+00,1.265526983257223848e-01,1.152785339781097484e-01,1.220879353268045781e-01,1.305369428037276569e-01,1.156531054564196720e-01
1.748957491206551695e-01,0.000000000000000000e+00,1.265526983257223848e-01,1.152785339781097484e-01,1.220879353268045781e-01,1.305369428037276569e-01,1.362258602874447666e-01
1.748957491206551695e-01,0.000000000000000000e+00,1.265526983257223848e-01,1.152785339781097484e-01,1.221049824950680707e-01,1.305369428037276569e-01,1.362480857155539682e-01
1.749560418957007979e-01,0.000000000000000000e+00,1.265526983257223848e-01,1.152785339781097484e-01,1.498371024486764291e-01,1.305369428037276569e-01,1.362480857155539682e-01
1.749560418957007979e-01,0.000000000000000000e+00,1.595090566973093871e-01,1.152785339781097484e-01,1.499395082654128020e-01,1.305369428037276569e-01,1.362480857155539682e-01
2.078438262025753269e-01,0.000000000000000000e+00,1.596610852025919791e-01,1.440669529275082905e-01,1.499395082654128020e-01,1.691126213573136972e-01,1.362480857155539682e-01
2.078990136791845911e-01,0.000000000000000000e+00,1.596610852025919791e-01,1.440669529275082905e-01,1.499395082654128020e-01,1.691126213573136972e-01,1.821471397322837749e-01
2.078990136791845911e-01,0.000000000000000000e+00,1.596610852025919791e-01,1.440669529275082905e-01,1.499395082654128020e-01,1.691786966775239154e-01,1.821471397322837749e-01
2.078990136791845911e-01,0.000000000000000000e+00,1.596610852025919791e-01,1.440669529275082905e-01,1.964793214855539427e-01,1.691786966775239154e-01,1.821471397322837749e-01
2.078990136791845911e-01,0.000000000000000000e+00,2.147526323431135364e-01,1.440669529275082905e-01,1.964793214855539427e-01,1.691805560063019132e-01,1.821471397322837749e-01
2.831972544778607048e-01,0.000000000000000000e+00,2.147526323431135364e-01,1.440669529275082905e-01,1.964850320182815746e-01,2.290681990731998907e-01,1.821471397322837749e-01
2.831972544778607048e-01,0.000000000000000000e+00,2.147526323431135364e-01,2.446566998044150953e-01,1.964910342180033187e-01,2.290681990731998907e-01,2.407521411626026009e-01
2.831972544778607048e-01,0.000000000000000000e+00,2.147526323431135364e-01,2.446566998044150953e-01,2.640276166274993508e-01,2.290681990731998907e-01,2.407521411626026009e-01
2.831972544778607048e-01,0.000000000000000000e+00,2.778299801704111616e-01,2.446566998044150953e-01,2.640719193088216787e-01,2.290681990731998907e-01,2.407521411626026009e-01
2.831972544778607048e-01,0.000000000000000000e+00,2.778400801835380629e-01,2.446566998044150953e-01,2.640719193088216787e-01,2.935699432157917732e-01,2.407521411626026009e-01
3.640052886780150709e-01,0.000000000000000000e+00,2.778400801835380629e-01,2.446566998044150953e-01,2.640719193088216787e-01,2.935963118784617465e-01,3.331251972853535581e-01
3.640052886780150709e-01,0.000000000000000000e+00,2.778400801835380629e-01,3.500588389121339072e-01,2.640719193088216787e-01,2.935963118784617465e-01,3.331251972853535581e-01
3.640052886780150709e-01,0.000000000000000000e+00,2.778400801835380629e-01,3.500588389121339072e-01,3.815750951018611614e-01,2.935963118784617465e-01,3.331251972853535581e-01
3.640052886780150709e-01,0.000000000000000000e+00,4.415721388309890583e-01,3.500588389121339072e-01,3.815750951018611614e-01,2.935963118784617465e-01,3.331251972853535581e-01
4.639114105772829122e-01,0.000000000000000000e+00,4.415721388309890583e-01,3.500588389121339072e-01,3.815750951018611614e-01,4.442170941217428171e-01,3.331251972853535581e-01
4.639114105772829122e-01,0.000000000000000000e+00,4.415721388309890583e-01,3.500588389121339072e-01,3.815750951018611614e-01,4.442170941217428171e-01,3.331251972853535581e-01
4.639114105772829122e-01,0.000000000000000000e+00,4.415721388309890583e-01,5.304063187815987179e-01,3.815750951018611614e-01,4.442170941217428171e-01,5.315055461845012985e-01
4.639114105772829122e-01,0.000000000000000000e+00,4.415721388309890583e-01,5.304063187815987179e-01,3.815750951018611614e-01,4.442170941217428171e-01,5.315055461845012985e-01
4.639114105772829122e-01,0.000000000000000000e+00,4.415721388309890583e-01,5.304310478093401393e-01,6.278343277438065417e-01,4.442170941217428171e-01,5.315055461845012985e-01
4.639114105772829122e-01,0.000000000000000000e+00,4.415721388309890583e-01,5.304310478093401393e-01,6.278343277438065417e-01,4.442170941217428171e-01,5.315055461845012985e-01
1.289988169413126773e+00,0.000000000000000000e+00,7.371302214270939457e-01,5.304310478093401393e-01,6.278343277438065417e-01,6.706601360893441610e-01,5.315197877209596466e-01
1.289988169413126773e+00,0.000000000000000000e+00,7.371302214270939457e-01,5.304310478093401393e-01,6.278343277438065417e-01,6.706601360893441610e-01,5.315197877209596466e-01
1.422936353854790337e+00,0.000000000000000000e+00,7.371302214270939457e-01,9.663952517542713228e-01,6.278343277438065417e-01,6.706601360893441610e-01,8.727982954545454586e-01
1.422936353854790337e+00,0.000000000000000000e+00,7.371302214270939457e-01,9.663952517542713228e-01,6.278343277438065417e-01,6.706601360893441610e-01,8.727982954545454586e-01
1.623187036571388520e+00,0.000000000000000000e+00,7.371302214270939457e-01,9.663952517542713228e-01,9.237059318803445551e-01,6.706601360893441610e-01,8.727982954545454586e-01
1.623187036571388520e+00,0.000000000000000000e+00,1.055574187921652252e+00,9.663952517542713228e-01,9.237059318803445551e-01,9.237673357054065892e-01,8.727982954545454586e-01
1.919224539202844415e+00,0.000000000000000000e+00,1.055574187921652252e+00,9.663952517542713228e-01,9.237059318803445551e-01,9.237673357054065892e-01,8.727982954545454586e-01
1.919224539202844415e+00,0.000000000000000000e+00,1.055574187921652252e+00,1.351672908085991942e+00,9.237059318803445551e-01,9.237673357054065892e-01,1.197695830374053028e+00
2.419605734819423759e+00,0.000000000000000000e+00,1.055574187921652252e+00,1.351672908085991942e+00,1.168671698157696115e+00,1.110035261478788948e+00,1.197695830374053028e+00
2.419605734819423759e+00,0.000000000000000000e+00,1.401640167547097748e+00,1.351672908085991942e+00,1.168671698157696115e+00,1.110035261478788948e+00,1.197695830374053028e+00
2.766013139736152482e+00,0.000000000000000000e+00,1.401640167547097748e+00,1.351672908085991942e+00,1.264532016316649798e+00,1.234455765554191897e+00,1.269894008443813060e+00
3.207516607410179521e+00,0.000000000000000000e+00,1.456000862199274382e+00,1.699048328266649310e+00,1.462449624504841506e+00,1.419226455304317680e+00,1.413948937618371149e+00
3.780233965662425089e+00,0.000000000000000000e+00,1.672914710889765733e+00,1.699048328266649310e+00,1.708915971414423973e+00,1.592371576622293450e+00,1.595720880681818166e+00
4.557571502502806737e+00,0.000000000000000000e+00,1.859220236721932373e+00,1.936652998877702148e+00,1.910089934136066425e+00,1.909504593679191897e+00,1.771735297309027679e+00
5.586956823657372340e+00,0.000000000000000000e+00,2.355751426059699671e+00,2.035314924381101953e+00,2.439470318001760507e+00,2.476426046780589196e+00,2.322262172506313060e+00
6.240722656250000000e+00,0.000000000000000000e+00,2.302646613655168206e+00,2.283631988482827779e+00,2.388687839930206280e+00,2.432161114127014301e+00,2.242789466934974829e+00
6.439071563903443263e+00,0.000000000000000000e+00,3.797273282363798241e+00,2.618881502244595705e+00,3.776284169862927698e+00,3.768366357471047312e+00,3.552522293244949392e+00
6.563006555248877660e+00,0.000000000000000000e+00,4.036344633082993738e+00,3.042915972040620698e+00,3.998697261695170813e+00,3.936166692236279019e+00,3.694908311631944553e+00
6.636202692271706560e+00,0.000000000000000000e+00,4.240132442559827020e+00,3.523552930504707081e+00,4.180480342995473109e+00,4.190793071028449113e+00,3.765598366477272751e+00
7.083005619620134752e+00,0.000000000000000000e+00,9.592260294679226362e+00,4.480040056768654466e+00,9.510889556086519647e+00,9.481508253084088622e+00,9.419410905934343603e+00
7.091617789811002659e+00,0.000000000000000000e+00,9.592260294679226362e+00,5.971772304306136370e+00,9.510889556086519647e+00,9.481508253084088622e+00,9.419581557765152269e+00
7.440143882157560284e+00,0.000000000000000000e+00,1.113677443991853444e+01,8.070615547637727261e+00,1.097901667819416538e+01,1.096966165502265866e+01,1.093290325126262630e+01
8.623630181044161347e+00,0.000000000000000000e+00,1.159575583153003997e+01,1.256118157252440781e+01,1.139051889461770628e+01,1.138616211920946597e+01,1.135298098169191938e+01
1.423505625467814362e+01,0.000000000000000000e+00,1.164600305498981747e+01,1.256118157252440781e+01,1.144693158953722367e+01,1.143258768410120929e+01,1.140678365688131279e+01
1.543823095995509043e+01,0.000000000000000000e+00,1.169043565427698539e+01,1.522159115672942775e+01,1.148744910871478808e+01,1.147479622985901315e+01,1.144271425189393909e+01
1.610054792758233688e+01,0.000000000000000000e+00,1.174847548848014256e+01,1.557693732566248279e+01,1.153885913135060370e+01,1.154252619901812693e+01,1.151891374684343461e+01
1.614650484187874113e+01,0.000000000000000000e+00,1.182513962258146556e+01,1.564470422550557949e+01,1.158770002829476908e+01,1.156218431363292964e+01,1.153293481691919276e+01
1.622010373783682624e+01,0.000000000000000000e+00,1.182513962258146556e+01,1.571329514252091997e+01,1.158770002829476908e+01,1.156218431363292964e+01,1.160064315025252490e+01
1.629423184880239361e+01,0.000000000000000000e+00,1.182513962258146556e+01,1.580425574224198115e+01,1.158770002829476908e+01,1.156218431363292964e+01,1.160064315025252490e+01
1.631958446388473050e+01,0.000000000000000000e+00,1.182513962258146556e+01,1.582740313371687613e+01,1.158770002829476908e+01,1.156218431363292964e+01,1.164411991003787961e+01
1.636023460890718439e+01,0.000000000000000000e+00,1.182513962258146556e+01,1.585881385111576058e+01,1.158770002829476908e+01,1.156218431363292964e+01,1.164411991003787961e+01
1.640904372894835461e+01,0.000000000000000000e+00,1.693650951502036506e+01,1.591312815986750273e+01,1.929969072245975781e+01,1.914757600075528643e+01,1.870274818497474811e+01
1.640904372894835461e+01,0.000000000000000000e+00,1.693650951502036506e+01,1.597487632932357116e+01,1.929969072245975781e+01,1.914757600075528643e+01,1.870274818497474811e+01
1.649323715849551064e+01,0.000000000000000000e+00,1.693650951502036506e+01,1.597487632932357116e+01,1.929969072245975781e+01,1.914757600075528643e+01,1.870274818497474811e+01
1.649323715849551064e+01,0.000000000000000000e+00,2.197472274376272949e+01,2.962041002004881562e+01,2.170943434041750564e+01,2.173129681205941566e+01,2.179714922664141241e+01
1.656093574569610638e+01,0.000000000000000000e+00,2.197472274376272949e+01,2.962041002004881562e+01,2.170943434041750564e+01,2.173129681205941566e+01,2.179714922664141241e+01
1.656093574569610638e+01,0.000000000000000000e+00,2.197472274376272949e+01,2.962041002004881562e+01,2.170943434041750564e+01,2.173129681205941566e+01,2.179714922664141241e+01
3.230415828499251774e+01,0.000000000000000000e+00,2.197472274376272949e+01,3.009648219578103223e+01,2.170943434041750564e+01,2.173129681205941566e+01,2.179714922664141241e+01
3.230415828499251774e+01,0.000000000000000000e+00,2.197472274376272949e+01,3.009648219578103223e+01,2.170943434041750564e+01,2.173129681205941566e+01,2.179714922664141241e+01
3.230415828499251774e+01,0.000000000000000000e+00,2.197472274376272949e+01,3.009648219578103223e+01,2.170943434041750564e+01,2.173129681205941566e+01,2.179714922664141241e+01
3.230415828499251774e+01,0.000000000000000000e+00,2.197472274376272949e+01,3.009648219578103223e+01,2.170943434041750564e+01,2.173129681205941566e+01,2.179714922664141241e+01
3.230415828499251774e+01,0.000000000000000000e+00,2.197472274376272949e+01,3.009648219578103223e+01,2.170943434041750564e+01,2.173129681205941566e+01,2.179714922664141241e+01
3.230415828499251774e+01,0.000000000000000000e+00,2.197472274376272949e+01,3.009648219578103223e+01,2.170943434041750564e+01,2.173129681205941566e+01,2.179714922664141241e+01
3.230415828499251774e+01,0.000000000000000000e+00,2.197472274376272949e+01,3.009648219578103223e+01,2.170943434041750564e+01,2.173129681205941566e+01,2.179714922664141241e+01
3.230415828499251774e+01,0.000000000000000000e+00,2.197472274376272949e+01,3.009648219578103223e+01,2.170943434041750564e+01,2.173129681205941566e+01,2.179714922664141241e+01
3.230415828499251774e+01,0.000000000000000000e+00,2.197472274376272949e+01,3.009648219578103223e+01,2.170943434041750564e+01,2.173129681205941566e+01,2.179714922664141241e+01
3.230415828499251774e+01,0.000000000000000000e+00,2.197472274376272949e+01,3.009648219578103223e+01,2.170943434041750564e+01,2.173129681205941566e+01,2.179714922664141241e+01
3.230415828499251774e+01,0.000000000000000000e+00,2.197472274376272949e+01,3.009648219578103223e+01,2.170943434041750564e+01,2.173129681205941566e+01,2.179714922664141241e+01
3.230415828499251774e+01,0.000000000000000000e+00,2.197472274376272949e+01,3.009648219578103223e+01,2.170943434041750564e+01,2.173129681205941566e+01,2.179714922664141241e+01
3.230415828499251774e+01,0.000000000000000000e+00,2.197472274376272949e+01,3.009648219578103223e+01,2.170943434041750564e+01,2.173129681205941566e+01,2.179714922664141241e+01
3.230415828499251774e+01,0.000000000000000000e+00,2.197472274376272949e+01,3.009648219578103223e+01,2.170943434041750564e+01,2.173129681205941566e+01,2.179714922664141241e+01
3.230415828499251774e+01,0.000000000000000000e+00,2.197472274376272949e+01,3.009648219578103223e+01,2.170943434041750564e+01,2.173129681205941566e+01,2.179714922664141241e+01
3.230415828499251774e+01,0.000000000000000000e+00,2.197472274376272949e+01,3.009648219578103223e+01,2.170943434041750564e+01,2.173129681205941566e+01,2.179714922664141241e+01
3.230415828499251774e+01,0.000000000000000000e+00,2.197472274376272949e+01,3.009648219578103223e+01,2.170943434041750564e+01,2.173129681205941566e+01,2.179714922664141241e+01
3.230415828499251774e+01,0.000000000000000000e+00,2.197472274376272949e+01,3.009648219578103223e+01,2.170943434041750564e+01,2.173129681205941566e+01,2.179714922664141241e+01
3.230415828499251774e+01,0.000000000000000000e+00,2.197472274376272949e+01,3.009648219578103223e+01,2.170943434041750564e+01,2.173129681205941566e+01,2.179714922664141241e+01
3.230415828499251774e+01,0.000000000000000000e+00,2.197472274376272949e+01,3.009648219578103223e+01,2.170943434041750564e+01,2.173129681205941566e+01,2.179714922664141241e+01
3.230415828499251774e+01,0.000000000000000000e+00,2.197472274376272949e+01,3.009648219578103223e+01,2.170943434041750564e+01,2.173129681205941566e+01,2.179714922664141241e+01
3.230415828499251774e+01,0.000000000000000000e+00,2.197472274376272949e+01,3.009648219578103223e+01,2.170943434041750564e+01,2.173129681205941566e+01,2.179714922664141241e+01
3.230415828499251774e+01,0.000000000000000000e+00,2.197472274376272949e+01,3.009648219578103223e+01,2.170943434041750564e+01,2.173129681205941566e+01,2.179714922664141241e+01
3.230415828499251774e+01,0.000000000000000000e+00,2.197472274376272949e+01,3.009648219578103223e+01,2.170943434041750564e+01,2.173129681205941566e+01,2.179714922664141241e+01
3.230415828499251774e+01,0.000000000000000000e+00,2.197472274376272949e+01,3.009648219578103223e+01,2.170943434041750564e+01,2.173129681205941566e+01,2.179714922664141241e+01
3.230415828499251774e+01,0.000000000000000000e+00,2.197472274376272949e+01,3.009648219578103223e+01,2.170943434041750564e+01,2.173129681205941566e+01,2.179714922664141241e+01
3.230415828499251774e+01,0.000000000000000000e+00,2.197472274376272949e+01,3.009648219578103223e+01,2.170943434041750564e+01,2.173129681205941566e+01,2.179714922664141241e+01
3.230415828499251774e+01,0.000000000000000000e+00,2.197472274376272949e+01,3.009648219578103223e+01,2.170943434041750564e+01,2.173129681205941566e+01,2.179714922664141241e+01
3.230415828499251774e+01,0.000000000000000000e+00,2.197472274376272949e+01,3.009648219578103223e+01,2.170943434041750564e+01,2.173129681205941566e+01,2.179714922664141241e+01
3.230415828499251774e+01,0.000000000000000000e+00,2.197472274376272949e+01,3.009648219578103223e+01,2.170943434041750564e+01,2.173129681205941566e+01,2.179714922664141241e+01
3.230415828499251774e+01,0.000000000000000000e+00,2.197472274376272949e+01,3.009648219578103223e+01,2.170943434041750564e+01,2.173129681205941566e+01,2.179714922664141241e+01
3.230415828499251774e+01,0.000000000000000000e+00,2.197472274376272949e+01,3.009648219578103223e+01,2.170943434041750564e+01,2.173129681205941566e+01,2.179714922664141241e+01
3.230415828499251774e+01,0.000000000000000000e+00,2.197472274376272949e+01,3.009648219578103223e+01,2.170943434041750564e+01,2.173129681205941566e+01,2.179714922664141241e+01
3.230415828499251774e+01,0.000000000000000000e+00,2.197472274376272949e+01,3.009648219578103223e+01,2.170943434041750564e+01,2.173129681205941566e+01,2.179714922664141241e+01
3.230415828499251774e+01,0.000000000000000000e+00,2.197472274376272949e+01,3.009648219578103223e+01,2.170943434041750564e+01,2.173129681205941566e+01,2.179714922664141241e+01
3.230415828499251774e+01,0.000000000000000000e+00,2.197472274376272949e+01,3.009648219578103223e+01,2.170943434041750564e+01,2.173129681205941566e+01,2.179714922664141241e+01
3.230415828499251774e+01,0.000000000000000000e+00,2.197472274376272949e+01,3.009648219578103223e+01,2.170943434041750564e+01,2.173129681205941566e+01,2.179714922664141241e+01
3.230415828499251774e+01,0.000000000000000000e+00,2.197472274376272949e+01,3.009648219578103223e+01,2.170943434041750564e+01,2.173129681205941566e+01,2.179714922664141241e+01
3.230415828499251774e+01,0.000000000000000000e+00,2.197472274376272949e+01,3.009648219578103223e+01,2.170943434041750564e+01,2.173129681205941566e+01,2.179714922664141241e+01
3.230415828499251774e+01,0.000000000000000000e+00,2.197472274376272949e+01,3.009648219578103223e+01,2.170943434041750564e+01,2.173129681205941566e+01,2.179714922664141241e+01
3.230415828499251774e+01,0.000000000000000000e+00,2.197472274376272949e+01,3.009648219578103223e+01,2.170943434041750564e+01,2.173129681205941566e+01,2.179714922664141241e+01
3.230415828499251774e+01,0.000000000000000000e+00,2.197472274376272949e+01,3.009648219578103223e+01,2.170943434041750564e+01,2.173129681205941566e+01,2.179714922664141241e+01
3.230415828499251774e+01,0.000000000000000000e+00,2.197472274376272949e+01,3.009648219578103223e+01,2.170943434041750564e+01,2.173129681205941566e+01,2.179714922664141241e+01
3.230415828499251774e+01,0.000000000000000000e+00,2.197472274376272949e+01,3.009648219578103223e+01,2.170943434041750564e+01,2.173129681205941566e+01,2.179714922664141241e+01
3.230415828499251774e+01,0.000000000000000000e+00,2.197472274376272949e+01,3.009648219578103223e+01,2.170943434041750564e+01,2.173129681205941566e+01,2.179714922664141241e+01
3.230415828499251774e+01,0.000000000000000000e+00,2.197472274376272949e+01,3.009648219578103223e+01,2.170943434041750564e+01,2.173129681205941566e+01,2.179714922664141241e+01
3.230415828499251774e+01,0.000000000000000000e+00,2.197472274376272949e+01,3.009648219578103223e+01,2.170943434041750564e+01,2.173129681205941566e+01,2.179714922664141241e+01
3.230415828499251774e+01,0.000000000000000000e+00,2.197472274376272949e+01,3.009648219578103223e+01,2.170943434041750564e+01,2.173129681205941566e+01,2.179714922664141241e+01
3.230415828499251774e+01,0.000000000000000000e+00,2.197472274376272949e+01,3.009648219578103223e+01,2.170943434041750564e+01,2.173129681205941566e+01,2.179714922664141241e+01
3.230415828499251774e+01,0.000000000000000000e+00,2.197472274376272949e+01,3.009648219578103223e+01,2.170943434041750564e+01,2.173129681205941566e+01,2.179714922664141241e+01
3.230415828499251774e+01,0.000000000000000000e+00,2.197472274376272949e+01,3.009648219578103223e+01,2.170943434041750564e+01,2.173129681205941566e+01,2.179714922664141241e+01
3.230415828499251774e+01,0.000000000000000000e+00,2.197472274376272949e+01,3.009648219578103223e+01,2.170943434041750564e+01,2.173129681205941566e+01,2.179714922664141241e+01
