0.000000000000000000e+00,2.583222251809286023e-04,0.000000000000000000e+00,0.000000000000000000e+00,0.000000000000000000e+00,0.000000000000000000e+00,0.000000000000000000e+00
0.000000000000000000e+00,3.551099739388791348e-04,0.000000000000000000e+00,0.000000000000000000e+00,0.000000000000000000e+00,0.000000000000000000e+00,0.000000000000000000e+00
0.000000000000000000e+00,3.731577562357851394e-04,0.000000000000000000e+00,0.000000000000000000e+00,0.000000000000000000e+00,0.000000000000000000e+00,0.000000000000000000e+00
0.000000000000000000e+00,3.865482564457876327e-04,0.000000000000000000e+00,0.000000000000000000e+00,0.000000000000000000e+00,0.000000000000000000e+00,0.000000000000000000e+00
0.000000000000000000e+00,3.988740597656386896e-04,0.000000000000000000e+00,0.000000000000000000e+00,0.000000000000000000e+00,0.000000000000000000e+00,0.000000000000000000e+00
0.000000000000000000e+00,4.119834232473087716e-04,0.000000000000000000e+00,0.000000000000000000e+00,0.000000000000000000e+00,0.000000000000000000e+00,0.000000000000000000e+00
0.000000000000000000e+00,4.337600426759548322e-04,0.000000000000000000e+00,0.000000000000000000e+00,0.000000000000000000e+00,0.000000000000000000e+00,0.000000000000000000e+00
0.000000000000000000e+00,4.898620668999448735e-04,0.000000000000000000e+00,0.000000000000000000e+00,0.000000000000000000e+00,0.000000000000000000e+00,0.000000000000000000e+00
0.000000000000000000e+00,7.685001738770993280e-04,0.000000000000000000e+00,0.000000000000000000e+00,0.000000000000000000e+00,0.000000000000000000e+00,0.000000000000000000e+00
0.000000000000000000e+00,9.779322468592020669e-04,0.000000000000000000e+00,0.000000000000000000e+00,0.000000000000000000e+00,0.000000000000000000e+00,0.000000000000000000e+00
0.000000000000000000e+00,1.039552117536167875e-03,0.000000000000000000e+00,0.000000000000000000e+00,0.000000000000000000e+00,0.000000000000000000e+00,0.000000000000000000e+00
0.000000000000000000e+00,1.093057547500747356e-03,0.000000000000000000e+00,0.000000000000000000e+00,0.000000000000000000e+00,0.000000000000000000e+00,0.000000000000000000e+00
0.000000000000000000e+00,1.155285778159866874e-03,0.000000000000000000e+00,0.000000000000000000e+00,0.000000000000000000e+00,0.000000000000000000e+00,0.000000000000000000e+00
0.000000000000000000e+00,1.182800727690051356e-03,0.000000000000000000e+00,0.000000000000000000e+00,0.000000000000000000e+00,0.000000000000000000e+00,0.000000000000000000e+00
0.000000000000000000e+00,1.244053155362249063e-03,0.000000000000000000e+00,0.000000000000000000e+00,0.000000000000000000e+00,0.000000000000000000e+00,0.000000000000000000e+00
0.000000000000000000e+00,1.312168504663570106e-03,0.000000000000000000e+00,0.000000000000000000e+00,0.000000000000000000e+00,0.000000000000000000e+00,0.000000000000000000e+00
0.000000000000000000e+00,1.372492420459222023e-03,0.000000000000000000e+00,0.000000000000000000e+00,0.000000000000000000e+00,0.000000000000000000e+00,0.000000000000000000e+00
0.000000000000000000e+00,1.441052841569135301e-03,0.000000000000000000e+00,0.000000000000000000e+00,0.000000000000000000e+00,0.000000000000000000e+00,0.000000000000000000e+00
0.000000000000000000e+00,1.517523548560228280e-03,0.000000000000000000e+00,0.000000000000000000e+00,0.000000000000000000e+00,0.000000000000000000e+00,0.000000000000000000e+00
0.000000000000000000e+00,1.599286487716400796e-03,0.000000000000000000e+00,0.000000000000000000e+00,0.000000000000000000e+00,0.000000000000000000e+00,0.000000000000000000e+00
0.000000000000000000e+00,1.688701128531358868e-03,0.000000000000000000e+00,0.000000000000000000e+00,0.000000000000000000e+00,0.000000000000000000e+00,0.000000000000000000e+00
0.000000000000000000e+00,1.783618848480864180e-03,0.000000000000000000e+00,0.000000000000000000e+00,0.000000000000000000e+00,0.000000000000000000e+00,0.000000000000000000e+00
0.000000000000000000e+00,1.895850111624437914e-03,0.000000000000000000e+00,0.000000000000000000e+00,0.000000000000000000e+00,0.000000000000000000e+00,0.000000000000000000e+00
0.000000000000000000e+00,2.015806243805114313e-03,0.000000000000000000e+00,0.000000000000000000e+00,0.000000000000000000e+00,0.000000000000000000e+00,0.000000000000000000e+00
0.000000000000000000e+00,2.149387926398637055e-03,0.000000000000000000e+00,0.000000000000000000e+00,0.000000000000000000e+00,0.000000000000000000e+00,0.000000000000000000e+00
0.000000000000000000e+00,2.299639636171078080e-03,0.000000000000000000e+00,0.000000000000000000e+00,0.000000000000000000e+00,0.000000000000000000e+00,0.000000000000000000e+00
0.000000000000000000e+00,2.454231956047926017e-03,0.000000000000000000e+00,0.000000000000000000e+00,0.000000000000000000e+00,0.000000000000000000e+00,0.000000000000000000e+00
0.000000000000000000e+00,2.627960222209999031e-03,0.000000000000000000e+00,0.000000000000000000e+00,0.000000000000000000e+00,0.000000000000000000e+00,0.000000000000000000e+00
0.000000000000000000e+00,2.816067484324563750e-03,0.000000000000000000e+00,0.000000000000000000e+00,0.000000000000000000e+00,0.000000000000000000e+00,0.000000000000000000e+00
0.000000000000000000e+00,3.024359306175551827e-03,0.000000000000000000e+00,0.000000000000000000e+00,0.000000000000000000e+00,0.000000000000000000e+00,0.000000000000000000e+00
0.000000000000000000e+00,3.255776659457269330e-03,0.000000000000000000e+00,0.000000000000000000e+00,0.000000000000000000e+00,0.000000000000000000e+00,0.000000000000000000e+00
0.000000000000000000e+00,3.503962548193103547e-03,0.000000000000000000e+00,0.000000000000000000e+00,0.000000000000000000e+00,0.000000000000000000e+00,0.000000000000000000e+00
0.000000000000000000e+00,3.792325179733916155e-03,0.000000000000000000e+00,0.000000000000000000e+00,0.000000000000000000e+00,0.000000000000000000e+00,0.000000000000000000e+00
0.000000000000000000e+00,4.101961672662975122e-03,0.000000000000000000e+00,0.000000000000000000e+00,0.000000000000000000e+00,0.000000000000000000e+00,0.000000000000000000e+00
0.000000000000000000e+00,4.436428318480531950e-03,0.000000000000000000e+00,0.000000000000000000e+00,0.000000000000000000e+00,0.000000000000000000e+00,0.000000000000000000e+00
0.000000000000000000e+00,4.814548406772270472e-03,0.000000000000000000e+00,0.000000000000000000e+00,0.000000000000000000e+00,0.000000000000000000e+00,0.000000000000000000e+00
0.000000000000000000e+00,5.239890364115823949e-03,0.000000000000000000e+00,0.000000000000000000e+00,0.000000000000000000e+00,0.000000000000000000e+00,0.000000000000000000e+00
0.000000000000000000e+00,5.702924942541979202e-03,0.000000000000000000e+00,0.000000000000000000e+00,0.000000000000000000e+00,0.000000000000000000e+00,0.000000000000000000e+00
0.000000000000000000e+00,6.215276832352141685e-03,0.000000000000000000e+00,0.000000000000000000e+00,0.000000000000000000e+00,0.000000000000000000e+00,0.000000000000000000e+00
0.000000000000000000e+00,6.793843771883113780e-03,0.000000000000000000e+00,0.000000000000000000e+00,0.000000000000000000e+00,0.000000000000000000e+00,0.000000000000000000e+00
0.000000000000000000e+00,7.430796137826885250e-03,0.000000000000000000e+00,0.000000000000000000e+00,0.000000000000000000e+00,0.000000000000000000e+00,0.000000000000000000e+00
0.000000000000000000e+00,8.132335668552420974e-03,0.000000000000000000e+00,0.000000000000000000e+00,0.000000000000000000e+00,0.000000000000000000e+00,0.000000000000000000e+00
0.000000000000000000e+00,8.905028154750070993e-03,0.000000000000000000e+00,0.000000000000000000e+00,0.000000000000000000e+00,0.000000000000000000e+00,0.000000000000000000e+00
0.000000000000000000e+00,9.771796757589558055e-03,0.000000000000000000e+00,0.000000000000000000e+00,0.000000000000000000e+00,0.000000000000000000e+00,0.000000000000000000e+00
0.000000000000000000e+00,1.073377860520414312e-02,0.000000000000000000e+00,0.000000000000000000e+00,0.000000000000000000e+00,0.000000000000000000e+00,0.000000000000000000e+00
0.000000000000000000e+00,1.180602690416895743e-02,0.000000000000000000e+00,0.000000000000000000e+00,0.000000000000000000e+00,0.000000000000000000e+00,0.000000000000000000e+00
0.000000000000000000e+00,1.298484973564833188e-02,0.000000000000000000e+00,0.000000000000000000e+00,0.000000000000000000e+00,0.000000000000000000e+00,0.000000000000000000e+00
0.000000000000000000e+00,1.427780511136540406e-02,0.000000000000000000e+00,0.000000000000000000e+00,0.000000000000000000e+00,0.000000000000000000e+00,0.000000000000000000e+00
0.000000000000000000e+00,1.571870849518005112e-02,0.000000000000000000e+00,0.000000000000000000e+00,0.000000000000000000e+00,0.000000000000000000e+00,0.000000000000000000e+00
0.000000000000000000e+00,1.730864347811944537e-02,0.000000000000000000e+00,0.000000000000000000e+00,0.000000000000000000e+00,0.000000000000000000e+00,0.000000000000000000e+00
0.000000000000000000e+00,1.909018276694291957e-02,0.000000000000000000e+00,0.000000000000000000e+00,0.000000000000000000e+00,0.000000000000000000e+00,0.000000000000000000e+00
0.000000000000000000e+00,2.103272455181190437e-02,0.000000000000000000e+00,0.000000000000000000e+00,0.000000000000000000e+00,0.000000000000000000e+00,0.000000000000000000e+00
0.000000000000000000e+00,2.318529026237076476e-02,0.000000000000000000e+00,0.000000000000000000e+00,0.000000000000000000e+00,0.000000000000000000e+00,0.000000000000000000e+00
0.000000000000000000e+00,2.552349695902384613e-02,0.000000000000000000e+00,0.000000000000000000e+00,0.000000000000000000e+00,0.000000000000000000e+00,0.000000000000000000e+00
0.000000000000000000e+00,2.808404397107883838e-02,0.000000000000000000e+00,0.000000000000000000e+00,0.000000000000000000e+00,0.000000000000000000e+00,0.000000000000000000e+00
0.000000000000000000e+00,3.086270258098305214e-02,0.000000000000000000e+00,0.000000000000000000e+00,0.000000000000000000e+00,0.000000000000000000e+00,0.000000000000000000e+00
0.000000000000000000e+00,3.391143661773133450e-02,0.000000000000000000e+00,0.000000000000000000e+00,0.000000000000000000e+00,0.000000000000000000e+00,0.000000000000000000e+00
0.000000000000000000e+00,3.721963574072557901e-02,0.000000000000000000e+00,0.000000000000000000e+00,0.000000000000000000e+00,0.000000000000000000e+00,0.000000000000000000e+00
0.000000000000000000e+00,4.080215328467820535e-02,0.000000000000000000e+00,0.000000000000000000e+00,0.000000000000000000e+00,0.000000000000000000e+00,0.000000000000000000e+00
0.000000000000000000e+00,4.465678209316231023e-02,0.000000000000000000e+00,0.000000000000000000e+00,0.000000000000000000e+00,0.000000000000000000e+00,0.000000000000000000e+00
0.000000000000000000e+00,4.879359856337130152e-02,0.000000000000000000e+00,0.000000000000000000e+00,0.000000000000000000e+00,0.000000000000000000e+00,0.000000000000000000e+00
0.000000000000000000e+00,5.321566644542945201e-02,0.000000000000000000e+00,0.000000000000000000e+00,0.000000000000000000e+00,0.000000000000000000e+00,0.000000000000000000e+00
0.000000000000000000e+00,5.794983138581236148e-02,0.000000000000000000e+00,0.000000000000000000e+00,0.000000000000000000e+00,0.000000000000000000e+00,0.000000000000000000e+00
0.000000000000000000e+00,6.298898365683183731e-02,0.000000000000000000e+00,0.000000000000000000e+00,0.000000000000000000e+00,0.000000000000000000e+00,0.000000000000000000e+00
0.000000000000000000e+00,6.833171273419956504e-02,0.000000000000000000e+00,0.000000000000000000e+00,0.000000000000000000e+00,0.000000000000000000e+00,0.000000000000000000e+00
0.000000000000000000e+00,7.394937983530010250e-02,0.000000000000000000e+00,0.000000000000000000e+00,0.000000000000000000e+00,0.000000000000000000e+00,0.000000000000000000e+00
0.000000000000000000e+00,7.982622934672646553e-02,0.000000000000000000e+00,0.000000000000000000e+00,0.000000000000000000e+00,0.000000000000000000e+00,0.000000000000000000e+00
0.000000000000000000e+00,8.602078946050770170e-02,0.000000000000000000e+00,0.000000000000000000e+00,0.000000000000000000e+00,0.000000000000000000e+00,0.000000000000000000e+00
0.000000000000000000e+00,9.244433991209476120e-02,0.000000000000000000e+00,0.000000000000000000e+00,0.000000000000000000e+00,0.000000000000000000e+00,0.000000000000000000e+00
0.000000000000000000e+00,9.911036919690892344e-02,0.000000000000000000e+00,0.000000000000000000e+00,0.000000000000000000e+00,0.000000000000000000e+00,0.000000000000000000e+00
0.000000000000000000e+00,1.059913178403934370e-01,0.000000000000000000e+00,0.000000000000000000e+00,0.000000000000000000e+00,0.000000000000000000e+00,0.000000000000000000e+00
0.000000000000000000e+00,1.130499468592112700e-01,0.000000000000000000e+00,0.000000000000000000e+00,0.000000000000000000e+00,0.000000000000000000e+00,0.000000000000000000e+00
0.000000000000000000e+00,1.202794377675313470e-01,0.000000000000000000e+00,0.000000000000000000e+00,0.000000000000000000e+00,0.000000000000000000e+00,0.000000000000000000e+00
0.000000000000000000e+00,1.276058836611445035e-01,0.000000000000000000e+00,0.000000000000000000e+00,0.000000000000000000e+00,0.000000000000000000e+00,0.000000000000000000e+00
0.000000000000000000e+00,1.349992123906483821e-01,5.195762908992844926e-05,0.000000000000000000e+00,6.855782158897675714e-05,6.576501440785802231e-05,6.429520670813743024e-05
0.000000000000000000e+00,1.425335250214902205e-01,2.735925728337585284e-04,0.000000000000000000e+00,3.086512597274012715e-04,3.059943396999516784e-04,2.998182869920826949e-04
0.000000000000000000e+00,1.499553497679933234e-01,6.958930895430493532e-04,0.000000000000000000e+00,7.438716634178545129e-04,7.385283198361430445e-04,7.265857975892346448e-04
0.000000000000000000e+00,1.573883102325622230e-01,1.326742944309522183e-03,7.817625085014013057e-05,1.392577135826740141e-03,1.387811979618437446e-03,1.373820473449398815e-03
0.000000000000000000e+00,1.646683515902764849e-01,2.189794771540189058e-03,4.017176405322767986e-04,2.275008550831969251e-03,2.265582512032469301e-03,2.250403105610548730e-03
0.000000000000000000e+00,1.719190746010420545e-01,3.304006368710892937e-03,1.009825632661955162e-03,3.405868887181732856e-03,3.397553588928653012e-03,3.378192824546736792e-03
0.000000000000000000e+00,1.790470648668483211e-01,4.692154357972310244e-03,1.928679946409941068e-03,4.807074544895102719e-03,4.796504494166685915e-03,4.773158738107392482e-03
0.000000000000000000e+00,1.859143422749228169e-01,6.361722460589438327e-03,3.174906827748403583e-03,6.487507215687926716e-03,6.481633085498637349e-03,6.453645108926175412e-03
0.000000000000000000e+00,1.925399917328429189e-01,8.317245242551970716e-03,4.780100645546799844e-03,8.474471823310467458e-03,8.448337620238643639e-03,8.414764596958352466e-03
0.000000000000000000e+00,1.989561983211311780e-01,1.059713480186073864e-02,6.752431143277858906e-03,1.073611526182239977e-02,1.072034518884387895e-02,1.069626278347439279e-02
0.000000000000000000e+00,2.050456658094942930e-01,1.317767358845945737e-02,9.137393706679510647e-03,1.332840737202757586e-02,1.331211504979436071e-02,1.328395015061503703e-02
0.000000000000000000e+00,2.112159729003906250e-01,1.608230140204342309e-02,1.191711957817130803e-02,1.622761854943135379e-02,1.621546750102278306e-02,1.618514783454663708e-02
0.000000000000000000e+00,2.164947829560605330e-01,1.931149119515040286e-02,1.516437131490667480e-02,1.944848949040925076e-02,1.943877912600115027e-02,1.940886564929076089e-02
0.000000000000000000e+00,2.218003187350884031e-01,2.285886636333893038e-02,1.880949677450054897e-02,2.298468123499296592e-02,2.297386446027957496e-02,2.295265197753906111e-02
0.000000000000000000e+00,2.266212052213931460e-01,2.671753947458053655e-02,2.289904510625735343e-02,2.683951533296458428e-02,2.682983190991727190e-02,2.681493277501578384e-02
0.000000000000000000e+00,2.315717000447347629e-01,3.092481065427698725e-02,2.744483681735965935e-02,3.102605923320685827e-02,3.101143351974564033e-02,3.099455207285254851e-02
0.000000000000000000e+00,2.355470714454879211e-01,3.541051394584950746e-02,3.242595358706252401e-02,3.550816541706292712e-02,3.549579263093608633e-02,3.548834829619436360e-02
0.000000000000000000e+00,2.398233470802535461e-01,4.022267685402677873e-02,3.786050857692915134e-02,4.027878590512803253e-02,4.028531984019975698e-02,4.025815713285195441e-02
0.000000000000000000e+00,2.432238413188271831e-01,4.528135389028887375e-02,4.370004129875321164e-02,4.532264080085984803e-02,4.531625630512218367e-02,4.529310669561829178e-02
0.000000000000000000e+00,2.467843701025682901e-01,5.063232530644372342e-02,5.001111210140723323e-02,5.061819279937437160e-02,5.061580431305269523e-02,5.063373295947758840e-02
0.000000000000000000e+00,2.499115310029355330e-01,5.622958942731869081e-02,5.669420101320062078e-02,5.616604058555434154e-02,5.616855141139342339e-02,5.619658653182212776e-02
0.000000000000000000e+00,2.528187871693137190e-01,6.204448940797639006e-02,6.377067193492852448e-02,6.191727237202512141e-02,6.192965089734587397e-02,6.196433943931502208e-02
0.000000000000000000e+00,2.552179804819073028e-01,6.802775272283922980e-02,7.118445360510917974e-02,6.785449943312217569e-02,6.787001810525239431e-02,6.791445028902304282e-02
0.000000000000000000e+00,2.578210202519765071e-01,7.413609304641755049e-02,7.896274901832996129e-02,7.390908408212949754e-02,7.393169114957043320e-02,7.398604576033775138e-02
0.000000000000000000e+00,2.599912860436353612e-01,8.036038928993365082e-02,8.696071672639088534e-02,8.005827629350320551e-02,8.008426385823813609e-02,8.016916140161380044e-02
0.000000000000000000e+00,2.619377410340452128e-01,8.656485066151667351e-02,9.522227097089652759e-02,8.626478874467508051e-02,8.625599840976680421e-02,8.636807528409090606e-02
0.000000000000000000e+00,2.636791389145536901e-01,9.287359078401460910e-02,1.036599556937543576e-01,9.243521891849142136e-02,9.244365250356008368e-02,9.256765962851168372e-02
0.000000000000000000e+00,2.653224511060885971e-01,9.907678576933633130e-02,1.122040156706273911e-01,9.853372247646031978e-02,9.861679307643740622e-02,9.871591124871764711e-02
0.000000000000000000e+00,2.667432773612930519e-01,1.052018221915375223e-01,1.207709744718118011e-01,1.045767325510681273e-01,1.046066745170293605e-01,1.047701671870067824e-01
0.000000000000000000e+00,2.679533587244456450e-01,1.111492848444858988e-01,1.293489144935767443e-01,1.104258838553783678e-01,1.105126249346008033e-01,1.106773992981573557e-01
0.000000000000000000e+00,2.696700410214726840e-01,1.169973089835794344e-01,1.379140218098958426e-01,1.161899835291043126e-01,1.162034156699435078e-01,1.164021347508285981e-01
0.000000000000000000e+00,2.705949794746444481e-01,1.225827017044098521e-01,1.461708036925503384e-01,1.216266639755525375e-01,1.217006210834238045e-01,1.219893022017045497e-01
0.000000000000000000e+00,2.712657494459323471e-01,1.278748133517574048e-01,1.543761696276804429e-01,1.268896874287718524e-01,1.270505937804868590e-01,1.273025898018268487e-01
0.000000000000000000e+00,2.724182905551202349e-01,1.330374816770223401e-01,1.622477894547594279e-01,1.318774923712195124e-01,1.320452733342381002e-01,1.323210591017597859e-01
0.000000000000000000e+00,2.730003859468562721e-01,1.377787386084282639e-01,1.697749160489942788e-01,1.366075788225446508e-01,1.368271288914983119e-01,1.370711355498342721e-01
0.000000000000000000e+00,2.739658698350369570e-01,1.423066366471486821e-01,1.770472932227652174e-01,1.410459061743507825e-01,1.412591386777756752e-01,1.415506690439551629e-01
0.000000000000000000e+00,2.747874002970621121e-01,1.466398685867092155e-01,1.839101623790533602e-01,1.452018231213452470e-01,1.453711441516395975e-01,1.456584121241714103e-01
0.000000000000000000e+00,2.747874002970621121e-01,1.504886106658127609e-01,1.904038518376263978e-01,1.490683757083516858e-01,1.493158254018362996e-01,1.497184059836647596e-01
0.000000000000000000e+00,2.753590338244409352e-01,1.541390195640672811e-01,1.965084315343880728e-01,1.527562899368869465e-01,1.527657254344867155e-01,1.531547777580492542e-01
0.000000000000000000e+00,2.762822590902179742e-01,1.576111243844275089e-01,2.022064506924468319e-01,1.560464010871871754e-01,1.560736710931599214e-01,1.561717948528251187e-01
0.000000000000000000e+00,2.762822590902179742e-01,1.606215342970341020e-01,2.075347900390625000e-01,1.590929702973701565e-01,1.592258172933188609e-01,1.595977012557212860e-01
0.000000000000000000e+00,2.769336814651945922e-01,1.634718201553748695e-01,2.124333933640058514e-01,1.617980895627672278e-01,1.620511826191543825e-01,1.622240008729876892e-01
0.000000000000000000e+00,2.769336814651945922e-01,1.661938513854856192e-01,2.168751268373539931e-01,1.641537303655919988e-01,1.644641303824033729e-01,1.646867231889204419e-01
0.000000000000000000e+00,2.780169184336405142e-01,1.683300973927173427e-01,2.211201772862730897e-01,1.665611804371148752e-01,1.668809351003902319e-01,1.672501843385022224e-01
0.000000000000000000e+00,2.780169184336405142e-01,1.703853568331530066e-01,2.249161256074572734e-01,1.688170097243617829e-01,1.689316518117053856e-01,1.693770437529592832e-01
0.000000000000000000e+00,2.780169184336405142e-01,1.724230888661930361e-01,2.283413938897424222e-01,1.706621718838421120e-01,1.706922825009441202e-01,1.712472934915561795e-01
0.000000000000000000e+00,2.780169184336405142e-01,1.744335508637904208e-01,2.311713353028024831e-01,1.722975333691602606e-01,1.726024585428074520e-01,1.728612418126578287e-01
0.000000000000000000e+00,2.788824207054640958e-01,1.759278089597123285e-01,2.340942978692686638e-01,1.738388552752059280e-01,1.739903168615857809e-01,1.745382135564630677e-01
0.000000000000000000e+00,2.788824207054640958e-01,1.772678787013906576e-01,2.369026811884370753e-01,1.753317144075389744e-01,1.754570199403638064e-01,1.759930543225221022e-01
0.000000000000000000e+00,2.788824207054640958e-01,1.787511666292085633e-01,2.393863736502462591e-01,1.766993255922252315e-01,1.767381435674723056e-01,1.772742377387152846e-01
0.000000000000000000e+00,2.788824207054640958e-01,1.797487060795490699e-01,2.414163884757452860e-01,1.777252565687091335e-01,1.779655925216751533e-01,1.785280478121054337e-01
0.000000000000000000e+00,2.790714423813505651e-01,1.808857810958582613e-01,2.433149478758063200e-01,1.787875231123066400e-01,1.789222402274908696e-01,1.794683128896385760e-01
0.000000000000000000e+00,2.790714423813505651e-01,1.818855114721232291e-01,2.450545987989779517e-01,1.797149473992391833e-01,1.798962211800966271e-01,1.805718778359769461e-01
0.000000000000000000e+00,2.792864816631385749e-01,1.828107503669567924e-01,2.467006752514273871e-01,1.807852424606231079e-01,1.807462724914243590e-01,1.813848630346432955e-01
0.000000000000000000e+00,2.792864816631385749e-01,1.834642212162678199e-01,2.480470665329171098e-01,1.812180148763675724e-01,1.815834160657807672e-01,1.820314349550189448e-01
0.000000000000000000e+00,2.792864816631385749e-01,1.841201626841745265e-01,2.493299540116697133e-01,1.820882570815518242e-01,1.822247615633654227e-01,1.827235982875631271e-01
0.000000000000000000e+00,2.792864816631385749e-01,1.847539928925741592e-01,2.504364822366413890e-01,1.826097116144130283e-01,1.827330805383780288e-01,1.834012580640388135e-01
0.000000000000000000e+00,2.792864816631385749e-01,1.853951728028338242e-01,2.514381993930875359e-01,1.831943964814276293e-01,1.832849631256687484e-01,1.839027327720565153e-01
0.000000000000000000e+00,2.792864816631385749e-01,1.858518332425057318e-01,2.523723692741021707e-01,1.837401207783812274e-01,1.837981686011061766e-01,1.842901981238162790e-01
0.000000000000000000e+00,2.792864816631385749e-01,1.860991903332246122e-01,2.532691263919761293e-01,1.840179412657586278e-01,1.845255349457924354e-01,1.851759785353535304e-01
0.000000000000000000e+00,2.792864816631385749e-01,1.866749376969036311e-01,2.546193696132431072e-01,1.844726654605366445e-01,1.845255349457924354e-01,1.851759785353535304e-01
0.000000000000000000e+00,2.792864816631385749e-01,1.870405581720977484e-01,2.546193696132431072e-01,1.847610627141756667e-01,1.852170208549691610e-01,1.856045193142361049e-01
0.000000000000000000e+00,2.792864816631385749e-01,1.874593357933029003e-01,2.552794558898840438e-01,1.850638130541058801e-01,1.852612452204493998e-01,1.857624246616556285e-01
0.000000000000000000e+00,2.792864816631385749e-01,1.878981580559445086e-01,2.561582301949856255e-01,1.854046336122202043e-01,1.856126737258465553e-01,1.860977018722380083e-01
0.000000000000000000e+00,2.792864816631385749e-01,1.878981580559445086e-01,2.561583791650322572e-01,1.856102434922032307e-01,1.858680317889287448e-01,1.865621855764678094e-01
0.000000000000000000e+00,2.792864816631385749e-01,1.882066279953220345e-01,2.571448375324159041e-01,1.862926828549421598e-01,1.862570310287245123e-01,1.865621855764678094e-01
0.000000000000000000e+00,2.792864816631385749e-01,1.882066279953220345e-01,2.571448375324159041e-01,1.862926828549421598e-01,1.862570310287245123e-01,1.868627528951625760e-01
0.000000000000000000e+00,2.792864816631385749e-01,1.885399284285100563e-01,2.581535137181834028e-01,1.862926828549421598e-01,1.864529981353851840e-01,1.871433758976483452e-01
0.000000000000000000e+00,2.792864816631385749e-01,1.885399284285100563e-01,2.581535137181834028e-01,1.864967422945878472e-01,1.867722033974147100e-01,1.871433758976483452e-01
0.000000000000000000e+00,2.792864816631385749e-01,1.887158085032538957e-01,2.583423651744464755e-01,1.870686552174374295e-01,1.867722033974147100e-01,1.877566096758601644e-01
0.000000000000000000e+00,2.792865730331329788e-01,1.888079206229713036e-01,2.583423651744464755e-01,1.870686552174374295e-01,1.867975578807511972e-01,1.877566096758601644e-01
0.000000000000000000e+00,2.792865730331329788e-01,1.889870482403974705e-01,2.583423651744464755e-01,1.870686552174374295e-01,1.872772647054773976e-01,1.877566096758601644e-01
0.000000000000000000e+00,2.792865730331329788e-01,1.894988858287057765e-01,2.589274769547594279e-01,1.870686552174374295e-01,1.872772647054773976e-01,1.877566096758601644e-01
0.000000000000000000e+00,2.792865730331329788e-01,1.894988858287057765e-01,2.589274769547594279e-01,1.870686552174374295e-01,1.872772647054773976e-01,1.877566096758601644e-01
0.000000000000000000e+00,2.792865730331329788e-01,1.896240949145159838e-01,2.589274769547594279e-01,1.870690082880093197e-01,1.872772647054773976e-01,1.877566096758601644e-01
0.000000000000000000e+00,2.792865730331329788e-01,1.896240949145159838e-01,2.591601043232980572e-01,1.872309141715527425e-01,1.874188656533232744e-01,1.880103833747632514e-01
0.000000000000000000e+00,2.792865730331329788e-01,1.896240949145159838e-01,2.596981202874389938e-01,1.877273620973890222e-01,1.877872586130255594e-01,1.880953702059659227e-01
0.000000000000000000e+00,2.792865730331329788e-01,1.896240949145159838e-01,2.596981202874389938e-01,1.877273620973890222e-01,1.877872586130255594e-01,1.880953702059659227e-01
0.000000000000000000e+00,2.792865730331329788e-01,1.896240949145159838e-01,2.596981202874389938e-01,1.877273620973890222e-01,1.877872586130255594e-01,1.880953702059659227e-01
0.000000000000000000e+00,2.792865730331329788e-01,1.896557001863623249e-01,2.596981202874389938e-01,1.877273620973890222e-01,1.877872586130255594e-01,1.880953702059659227e-01
0.000000000000000000e+00,2.792865730331329788e-01,1.899582188872358801e-01,2.596981202874389938e-01,1.877273620973890222e-01,1.877872586130255594e-01,1.880953702059659227e-01
0.000000000000000000e+00,2.792865730331329788e-01,1.899582188872358801e-01,2.596990779520245152e-01,1.877273620973890222e-01,1.877872586130255594e-01,1.883755308209043577e-01
0.000000000000000000e+00,2.792865730331329788e-01,1.899582188872358801e-01,2.597242964527763376e-01,1.877273620973890222e-01,1.877872586130255594e-01,1.883755308209043577e-01
0.000000000000000000e+00,2.792865730331329788e-01,1.899582188872358801e-01,2.597242113270353814e-01,1.877273620973890222e-01,1.879144766539605493e-01,1.883755308209043577e-01
0.000000000000000000e+00,2.792865730331329788e-01,1.899582188872358801e-01,2.598700317212561117e-01,1.877273620973890222e-01,1.879144766539605493e-01,1.883755308209043577e-01
0.000000000000000000e+00,2.792865730331329788e-01,1.899582188872358801e-01,2.598700317212561117e-01,1.877273620973890222e-01,1.879144766539605493e-01,1.883755308209043577e-01
0.000000000000000000e+00,2.792865730331329788e-01,1.899582188872358801e-01,2.602186429118178990e-01,1.877273620973890222e-01,1.879149683772737278e-01,1.883755308209043577e-01
0.000000000000000000e+00,2.792865730331329788e-01,1.899582188872358801e-01,2.602186429118178990e-01,1.877273620973890222e-01,1.879149683772737278e-01,1.883755308209043577e-01
0.000000000000000000e+00,2.792865730331329788e-01,1.899582188872358801e-01,2.602186429118178990e-01,1.877273620973890222e-01,1.879149683772737278e-01,1.883755308209043577e-01
0.000000000000000000e+00,2.792865730331329788e-01,1.899582188872358801e-01,2.602186429118178990e-01,1.877273620973890222e-01,1.881653016427492497e-01,1.883755308209043577e-01
0.000000000000000000e+00,2.792865730331329788e-01,1.899582188872358801e-01,2.602186429118178990e-01,1.877273620973890222e-01,1.881653016427492497e-01,1.883755308209043577e-01
0.000000000000000000e+00,2.792865730331329788e-01,1.899582188872358801e-01,2.602186429118178990e-01,1.877273620973890222e-01,1.881653016427492497e-01,1.883755308209043577e-01
0.000000000000000000e+00,2.792865730331329788e-01,1.899582188872358801e-01,2.602186429118178990e-01,1.877273620973890222e-01,1.881653016427492497e-01,1.883755308209043577e-01
0.000000000000000000e+00,2.792865730331329788e-01,1.899582188872358801e-01,2.602186429118178990e-01,1.877273620973890222e-01,1.881653016427492497e-01,1.883755308209043577e-01
0.000000000000000000e+00,2.792865730331329788e-01,1.899582188872358801e-01,2.602186429118178990e-01,1.877273620973890222e-01,1.881653016427492497e-01,1.883755308209043577e-01
0.000000000000000000e+00,2.792865730331329788e-01,1.899582188872358801e-01,2.602186429118178990e-01,1.877273620973890222e-01,1.881657933660624282e-01,1.883755308209043577e-01
0.000000000000000000e+00,2.792865730331329788e-01,1.899582188872358801e-01,2.602186429118178990e-01,1.877273620973890222e-01,1.881657933660624282e-01,1.882833461568813038e-01
0.000000000000000000e+00,2.792865730331329788e-01,1.899582188872358801e-01,2.602186429118178990e-01,1.877273620973890222e-01,1.881657933660624282e-01,1.882833461568813038e-01
0.000000000000000000e+00,2.792865730331329788e-01,1.899581722717906818e-01,2.602186429118178990e-01,1.877273620973890222e-01,1.880682170211008253e-01,1.882833461568813038e-01
0.000000000000000000e+00,2.792865730331329788e-01,1.899581722717906818e-01,2.602186429118178990e-01,1.877273620973890222e-01,1.880682170211008253e-01,1.882833461568813038e-01
0.000000000000000000e+00,2.792865730331329788e-01,1.899581722717906818e-01,2.602186429118178990e-01,1.877273620973890222e-01,1.880682170211008253e-01,1.882833461568813038e-01
0.000000000000000000e+00,2.792864816631385749e-01,1.899581722717906818e-01,2.602186429118178990e-01,1.877273620973890222e-01,1.880682170211008253e-01,1.882833461568813038e-01
0.000000000000000000e+00,2.792864816631385749e-01,1.899581722717906818e-01,2.602186429118178990e-01,1.877273620973890222e-01,1.880682170211008253e-01,1.884387083727903922e-01
0.000000000000000000e+00,2.792864816631385749e-01,1.899581722717906818e-01,2.602187280375588552e-01,1.877273620973890222e-01,1.880682170211008253e-01,1.884387083727903922e-01
0.000000000000000000e+00,2.792864816631385749e-01,1.899581722717906818e-01,2.602187280375588552e-01,1.877273620973890222e-01,1.880682170211008253e-01,1.884387083727903922e-01
0.000000000000000000e+00,2.792864816631385749e-01,1.899581722717906818e-01,2.602187280375588552e-01,1.877273620973890222e-01,1.880682170211008253e-01,1.884387083727903922e-01
0.000000000000000000e+00,2.792864816631385749e-01,1.899581722717906818e-01,2.601984893926516662e-01,1.877273620973890222e-01,1.880682170211008253e-01,1.884387083727903922e-01
0.000000000000000000e+00,2.792864816631385749e-01,1.899581722717906818e-01,2.601984893926516662e-01,1.877968095437861640e-01,1.880682170211008253e-01,1.884387083727903922e-01
0.000000000000000000e+00,2.792864816631385749e-01,1.899581722717906818e-01,2.601984893926516662e-01,1.877968095437861640e-01,1.880682170211008253e-01,1.884387083727903922e-01
0.000000000000000000e+00,2.792864816631385749e-01,1.899581722717906818e-01,2.601984893926516662e-01,1.877968095437861640e-01,1.880682170211008253e-01,1.884387083727903922e-01
0.000000000000000000e+00,2.792864816631385749e-01,1.899581722717906818e-01,2.601984893926516662e-01,1.877968095437861640e-01,1.880682170211008253e-01,1.884387083727903922e-01
0.000000000000000000e+00,2.792864816631385749e-01,1.899581722717906818e-01,2.601984893926516662e-01,1.877968095437861640e-01,1.880682170211008253e-01,1.884387083727903922e-01
0.000000000000000000e+00,2.792864816631385749e-01,1.899581722717906818e-01,2.601984893926516662e-01,1.877968095437861640e-01,1.880682170211008253e-01,1.884387083727903922e-01
0.000000000000000000e+00,2.792864816631385749e-01,1.899581722717906818e-01,2.601984893926516662e-01,1.877968095437861640e-01,1.880682170211008253e-01,1.884387083727903922e-01
0.000000000000000000e+00,2.792864816631385749e-01,1.899581722717906818e-01,2.601984893926516662e-01,1.877968095437861640e-01,1.880682170211008253e-01,1.884656963926372997e-01
0.000000000000000000e+00,2.792864816631385749e-01,1.899581722717906818e-01,2.601984893926516662e-01,1.877968095437861640e-01,1.880682170211008253e-01,1.884656963926372997e-01
0.000000000000000000e+00,2.792864816631385749e-01,1.899581722717906818e-01,2.601984893926516662e-01,1.877968095437861640e-01,1.880682170211008253e-01,1.884656963926372997e-01
0.000000000000000000e+00,2.792864816631385749e-01,1.899581722717906818e-01,2.601984893926516662e-01,1.877968095437861640e-01,1.880682170211008253e-01,1.884656963926372997e-01
0.000000000000000000e+00,2.792864816631385749e-01,1.899581722717906818e-01,2.601984893926516662e-01,1.877968095437861640e-01,1.880682170211008253e-01,1.884656963926372997e-01
0.000000000000000000e+00,2.792864816631385749e-01,1.899582188872358801e-01,2.601984893926516662e-01,1.877968095437861640e-01,1.880682170211008253e-01,1.884656963926372997e-01
0.000000000000000000e+00,2.792864816631385749e-01,1.899582188872358801e-01,2.601984893926516662e-01,1.877968095437861640e-01,1.880680326248583834e-01,1.884656963926372997e-01
0.000000000000000000e+00,2.792864816631385749e-01,1.900117800337719487e-01,2.601984893926516662e-01,1.877968095437861640e-01,1.880680326248583834e-01,1.884656963926372997e-01
0.000000000000000000e+00,2.792864816631385749e-01,1.900117800337719487e-01,2.601984893926516662e-01,1.877968095437861640e-01,1.880680326248583834e-01,1.884656963926372997e-01
0.000000000000000000e+00,2.792864816631385749e-01,1.900117800337719487e-01,2.601984893926516662e-01,1.877968095437861640e-01,1.880680326248583834e-01,1.884656963926372997e-01
0.000000000000000000e+00,2.792864816631385749e-01,1.900117800337719487e-01,2.601984893926516662e-01,1.877968095437861640e-01,1.880680326248583834e-01,1.884656963926372997e-01
0.000000000000000000e+00,2.793544837814604942e-01,1.900117800337719487e-01,2.601984893926516662e-01,1.877968095437861640e-01,1.880680326248583834e-01,1.884656963926372997e-01
0.000000000000000000e+00,2.793544837814604942e-01,1.900117800337719487e-01,2.601984893926516662e-01,1.877968095437861640e-01,1.880680326248583834e-01,1.884656963926372997e-01
