0.0 0.0 18.868596790793415 0.05178932677171642 0.13454704485361071 0.0 0.0032825411878656388 0.0
0.001 0.0 12.415619932010978 0.05164287896328874 0.13630567564401697 0.0 0.0032785377275033694 0.0
0.0010848096388007434 0.0 12.375558453405688 0.051642879475702085 0.13735234485884512 0.0 0.0032785377275033694 0.0
0.0011768119524349979 0.0 12.021226102482535 0.051642879475702085 0.13735234485884512 0.0 0.0032785377275033694 0.0
0.0012766169490574075 0.0 12.032526743388225 0.05156277822157212 0.13735234485884512 0.0 0.0032785377275033694 0.0
0.0013848863713938732 0.0 11.938226086888722 0.05156277822157212 0.13735234485884512 0.0 0.0032785377275033694 0.0
0.0015023380843318596 0.0 11.926097999313873 0.051562295839932056 0.13735234485884512 0.0 0.0032784021757570124 0.0
0.0016297508346206436 0.0 11.824368840444112 0.051562295839932056 0.13735234485884512 0.0 0.0032786072826653198 0.0
0.0017679694142400302 0.0 11.926840654628243 0.051555253161842986 0.13747007998337052 0.0 0.0032773666348630526 0.0
0.0019179102616724887 0.0 11.685996171719061 0.05153684251317674 0.13918863525979494 0.0 0.0032773232945471444 0.0
0.0020805675382171715 0.0 11.73904924525948 0.05153684251317674 0.13918863525979494 0.0 0.003276398351592624 0.0
0.002257019719633919 0.0 11.73904924525948 0.05154944059791736 0.14115495050609025 0.0 0.003276398351592624 0.0
0.002448436746822227 0.0 11.771074062811877 0.05154944059791736 0.14126226298939015 0.0 0.0032760562060749517 0.0
0.0026560877829466868 0.0 11.752708450286926 0.05140024967205925 0.1436801348270739 0.0 0.0032760562060749517 0.0
0.002881349628441459 0.0 11.749561424026947 0.051399235901308626 0.1436801348270739 0.0 0.0032754132798840747 0.0
0.0031257158496882354 0.0 11.775683983595309 0.05127324121218775 0.14593579381152846 0.0 0.0032754132798840747 0.0
0.003390806681894053 0.0 11.84851683352046 0.05127324121218775 0.14593579381152846 0.0 0.003274452291780165 0.0
0.0036783797718286343 0.0 11.911620119136726 0.051210757991741795 0.14834836419382083 0.0 0.003273746359753759 0.0
0.003990341831649381 0.0 11.942228823602795 0.05121368193268284 0.14834836419382083 0.0 0.0032726032693446896 0.0
0.004328761281083057 0.0 12.191740542352795 0.05107801939530211 0.14954729717106535 0.0 0.0032726032693446896 0.0
0.0046958819617863535 0.0 12.191740542352795 0.05107670214844061 0.15169178043913914 0.0 0.00327176628567834 0.0
0.0050941380148163806 0.0 12.191740542352795 0.05101937830641042 0.15169178043913914 0.0 0.003270524454039869 0.0
0.0055261700198540875 0.0 12.277050391404691 0.050985053232806665 0.15318270375583276 0.0 0.0032708648828035326 0.0
0.005994842503189409 0.0 12.354930763473053 0.05047849310144235 0.15440218574059159 0.0 0.003270404204608191 0.0
0.0065032629305522465 0.0 12.433040169660678 0.04973103235791518 0.1559227625324311 0.0 0.0032703274762619357 0.0
0.007054802310718645 0.0 12.60971708925898 0.048960474284297346 0.1570974871097931 0.0 0.00326981336913619 0.0
0.007653117546501335 0.0 12.60971708925898 0.04824939207622794 0.1579369596610419 0.0 0.003269248669230122 0.0
0.008302175681319744 0.0 12.708004888660179 0.04750624801495882 0.1593334525244213 0.0 0.003268755142882706 0.0
0.009006280202112787 0.0 12.826539304204092 0.04682663096909668 0.16029888369331605 0.0 0.0032678049027063632 0.0
0.009770099572992247 0.0 12.894930841442116 0.04607359211106661 0.16134291130940628 0.0 0.0032673562033346338 0.0
0.01059869818882502 0.0 12.999219334767965 0.04538028949751372 0.1621643318412791 0.0 0.0032665241442172664 0.0
0.011497569953977356 0.0 13.08946267621008 0.04471023788932536 0.16306889768758095 0.0 0.003266176807865464 0.0
0.012472674708860454 0.0 13.212369206898703 0.044052582923108395 0.16390366417825328 0.0 0.003264518605246075 0.0
0.013530477745798068 0.0 13.252751333270957 0.04340718397300247 0.16480604705812074 0.0 0.0032639565954520394 0.0
0.01467799267622069 0.0 13.3660530501497 0.04277170328791851 0.16560475060722976 0.0 0.0032621685188646736 0.0
0.015922827933410922 0.0 13.464802816242514 0.042156487072664374 0.16642958038762387 0.0 0.0032610913001024744 0.0
0.017273237219129878 0.0 13.550297841816366 0.04156839512899839 0.167203773458574 0.0 0.0032592700027262215 0.0
0.01873817422860384 0.0 13.630063115955588 0.04097841570097755 0.16802548630793188 0.0 0.0032577538239059916 0.0
0.020327352016717117 0.0 13.734355507734533 0.040414471802532416 0.1686270959491321 0.0 0.0032559658581893525 0.0
0.022051307399030457 0.0 13.894944486027944 0.039863087518285455 0.16928424987496574 0.0 0.0032543440428000406 0.0
0.023921470814626374 0.0 13.894944486027944 0.039321574099719196 0.16992990913279168 0.0 0.0032524449328652162 0.0
0.02595024211399736 0.0 13.950428245072356 0.03879037523452013 0.1719542034310057 0.0 0.003250249693770066 0.0
0.028151072774477297 0.0 14.000216364146707 0.038331006145375726 0.17617107572772306 0.0 0.003248120231094229 0.0
0.030538555088334154 0.0 14.055670884792914 0.03786217733194856 0.1801018029604823 0.0 0.003245885899340848 0.0
0.03312851891487236 0.0 14.127203600611278 0.037421749072056795 0.18435843795723308 0.0 0.003243369008277953 0.0
0.03593813663804628 0.0 14.210592486901199 0.03703180538714376 0.18746017384412575 0.0 0.0032406301078978616 0.0
0.038986037025490715 0.0 14.252688958021457 0.036709954204549006 0.19078671093954366 0.0 0.0032380614621568323 0.0
0.04229242874389499 0.0 14.309152203405688 0.03632958861312563 0.19345595873767957 0.0 0.0032363164858789724 0.0
0.045879234349670873 0.0 14.381054297654691 0.03603049719275805 0.1964491828306052 0.0 0.003234619234892949 0.0
0.04977023564332109 0.0 14.419813692926649 0.035775413764357944 0.19927729296637622 0.0 0.0032328828063278897 0.0
0.05399123135125903 0.0 14.47470001403443 0.03546476674243914 0.19865130254608104 0.0 0.0032309315543200194 0.0
0.058570208180566644 0.0 14.555863858221056 0.03515137669428463 0.1980621179803197 0.0 0.0032288233836995036 0.0
0.06353752638084484 0.0 14.5830078125 0.0348297000819829 0.19739136315283068 0.0 0.003226580137516309 0.0
0.06892612104349695 0.0 14.648734757048405 0.034564742165970504 0.1966436855619058 0.0 0.0032241176825910773 0.0
0.07477172047313224 0.0 14.689285491516966 0.034314211906644944 0.19573816938897529 0.0 0.003221604469485967 0.0
0.08111308307896868 0.0 14.743678658308383 0.034018373952870426 0.19492521921554368 0.0 0.003219000529014765 0.0
0.0879922543569107 0.0 14.786679570546408 0.03379106573785052 0.19394883022547418 0.0 0.0032163056763554916 0.0
0.09545484566618337 0.0 14.828892020646208 0.03353628548903067 0.193032857372459 0.0 0.0032134861232983097 0.0
0.10355033664891308 0.0 14.876111059131738 0.033287379322221075 0.19182366586215757 0.0 0.0032106443441890027 0.0
0.11233240329780277 0.0 14.9110704372505 0.033035566255576285 0.190708242653622 0.0 0.0032076503744109704 0.0
0.12185927384710872 0.0 14.941244464196608 0.032757520053938276 0.18962679687550116 0.0 0.0032047213359832133 0.0
0.13219411484660287 0.0 15.009816304890219 0.0325178430966907 0.1884029808232441 0.0 0.0032015779115831438 0.0
0.14340544997832724 0.0 15.062930779066864 0.03229222463591752 0.18721853321705909 0.0 0.0031984531489399892 0.0
0.15556761439304723 0.0 15.112069805701097 0.03207545723867574 0.18604398972717434 0.0 0.003195109665616296 0.0
0.1687612475788147 0.0 15.166524373128743 0.03184883315844949 0.18491054438262997 0.0 0.0031918869790235394 0.0
0.18307382802953678 0.0 15.221492561751496 0.03163008011480977 0.18375584180388538 0.0 0.0031886250249827676 0.0
0.19860025325859118 0.0 15.278634137974052 0.03140044090940864 0.18261536895314298 0.0 0.0031850280399106506 0.0
0.21544346900318823 0.0 15.338127456025449 0.031204122631718102 0.18149479475061922 0.0 0.0031815904328747423 0.0
0.23371515179132774 0.0 15.399815603168662 0.030999866644093085 0.18041031056510723 0.0 0.0031780144474112745 0.0
0.25353644939701114 0.0 15.463611838822356 0.030792715251831797 0.1793541770549885 0.0 0.0031744504359354437 0.0
0.2750387840931946 0.0 15.503998838260978 0.0306026034809104 0.17836078596268684 0.0 0.0031708973603936665 0.0
0.29836472402833375 0.0 15.598349200037426 0.030419446190609732 0.17737837443250234 0.0 0.0031673748036226052 0.0
0.32366892850406015 0.0 15.665670611901199 0.030253255998689166 0.1764601644843966 0.0 0.003163742605108445 0.0
0.3511191734215131 0.0 15.735794036926146 0.030065034906934837 0.17559048422911314 0.0 0.003160129146914493 0.0
0.38089746369540717 0.0 15.808719475112277 0.029885188689033046 0.1746872221415506 0.0 0.0031565552294873897 0.0
0.41320124001153347 0.0 15.885971221619263 0.029715543130629924 0.17397335997446076 0.0 0.0031528894134522124 0.0
0.44824468792893085 0.0 15.965898281561877 0.02954253416463368 0.17326635460762796 0.0 0.0031491636655772834 0.0
0.4862601580065353 0.0 16.05030466410928 0.02936922275466873 0.17249017632795616 0.0 0.003145454792981481 0.0
0.527499706370262 0.0 16.11808511882485 0.029202215279068872 0.17193022725915355 0.0 0.0031417881406177774 0.0
0.5722367659350214 0.0 16.22813455121008 0.02903444112383993 0.17132878983155855 0.0 0.003138481074186503 0.0
0.6207679593624761 0.0 16.32189039888972 0.028866508492347346 0.17073475706491484 0.0 0.003134510552739909 0.0
0.6734150657750821 0.0 16.406131097180637 0.028705710459172362 0.17019660199985878 0.0 0.0031304567082478356 0.0
0.7305271542664449 0.0 16.518178486776446 0.028539421094780134 0.1697176418174564 0.0 0.0031266360843334503 0.0
0.7924828983539169 0.0 16.59582982472555 0.028378541845727762 0.16924964748606372 0.0 0.0031230489798546096 0.0
0.8596930867190787 0.0 16.725400760978044 0.028225789817025677 0.1687327888807828 0.0 0.003118970936761007 0.0
0.9326033468832199 0.0 16.832368466192616 0.028064113870122018 0.16826949881401296 0.0 0.0031153318994619292 0.0
1.0116970998767492 0.0 16.93146909306387 0.027906234323845643 0.1678068966798501 0.0 0.0031114452234993063 0.0
1.0974987654930557 0.0 17.061973708832337 0.02775529560473576 0.16730379941998677 0.0 0.003107405525460596 0.0
1.1905772393787832 0.0 17.1529752994012 0.02760021365937452 0.16681556128798491 0.0 0.003103538676141986 0.0
1.291549665014884 0.0 17.281612556137723 0.02744821397542967 0.16625510098382362 0.0 0.0030997924776686816 0.0
1.401085525598016 0.0 17.397961888722556 0.027292761535903785 0.16566376573984284 0.0 0.003095718145363633 0.0
1.5199110829529332 0.0 17.515611355414173 0.0271416377174556 0.16502606641448722 0.0 0.0030918324814423023 0.0
1.648814192907418 0.0 17.629313638348304 0.026987755585926053 0.16431690421932776 0.0 0.003088027181764291 0.0
1.7886495290574351 0.0 17.751787440743513 0.026837436170596616 0.16354385781291386 0.0 0.0030841628302703747 0.0
1.9403442495579137 0.0 17.873536130863272 0.026683739081076845 0.16268375928162132 0.0 0.0030803053590945533 0.0
2.1049041445120196 0.0 17.989834783557885 0.026532070246176338 0.1617455843775524 0.0 0.0030764557680222596 0.0
2.2834203047182715 0.0 18.113984920783434 0.02637752266745762 0.1606920121320361 0.0 0.003072701975823947 0.0
2.477076355991709 0.0 18.230117889221557 0.026224415855843772 0.1595359143658176 0.0 0.0030689481186890596 0.0
2.687156307025227 0.0 18.35045339009481 0.02606971490907701 0.1582741941799626 0.0 0.003065217620972683 0.0
2.9150530628251756 0.0 18.470623206711576 0.025912639472926526 0.15690328088525626 0.0 0.003061457918003127 0.0
3.1622776601683795 0.0 18.591937219311376 0.02575573874833699 0.15539795438146234 0.0 0.003057744421986418 0.0
3.4304692863149158 0.0 18.702434973802394 0.025598201400674727 0.15375054305532873 0.0 0.0030541938575569475 0.0
3.7214061474043274 0.0 18.822279269585827 0.02544093902424525 0.15198877487182658 0.0 0.003050558566908894 0.0
4.037017258596554 0.0 18.936433773078843 0.025284276023854736 0.15010486047863844 0.0 0.003047115495010401 0.0
4.379395234130494 0.0 19.047157637849303 0.025126541751096878 0.1480836674904133 0.0 0.003043622725207537 0.0
4.750810162102793 0.0 19.160945686751496 0.02496723937773811 0.1459553552374401 0.0 0.0030402723203184364 0.0
5.153724655961632 0.0 19.26982753243513 0.02481107428618189 0.14365949773092998 0.0 0.0030369318094226523 0.0
5.5908101825122225 1.4918546811370792e-05 19.376545736651696 0.024655867435244505 0.14126676247141146 0.0 0.0030336352242936386 0.0
6.064964774694602 6.688676194516485e-05 19.481308866641715 0.024501649810502197 0.1387915670885331 0.0 0.00303056080307467 0.0
6.579332246575675 0.0001578349285496923 19.58187921032934 0.024347480421328147 0.13615759386252968 0.0 0.00302738675407258 0.0
7.137323037957842 0.00028760484354700634 19.679607581711576 0.024198210403730318 0.13343768239145282 0.0 0.0030244106174491686 0.0
7.742636826811269 0.00045983335691059894 19.77731841005489 0.0240513737038286 0.13062848407749786 0.0 0.0030214487315286705 0.0
8.399287059458466 0.0006765695865044813 19.86874883046407 0.02390792256000368 0.12774164115731032 0.0 0.0030185230247034883 0.0
9.111627561154886 0.0009422998228472864 19.96000966816367 0.02376633177121909 0.12478381393863303 0.0 0.003015762234481329 0.0
9.88438140350333 0.0012550775162474125 20.04521815743513 0.02363226436341769 0.12176419103518779 0.0 0.003013067854871433 0.0
10.722672220103231 0.001627271998666242 20.129136258732537 0.023499875899435568 0.11874379995070221 0.0 0.003010407107803572 0.0
11.63205817806895 0.0020546901249837973 20.210040855788424 0.02337648897838612 0.11564905902102779 0.0 0.0030079215504651316 0.0
12.61856883066021 0.002550121314987213 20.288082039046905 0.02325587448711791 0.11255817470079493 0.0 0.0030054871068388544 0.0
13.688745095370793 0.0031222228756445846 20.361487961576845 0.023141946842800992 0.10946863867625511 0.0 0.0030031132431222463 0.0
14.849682622544636 0.0037714009751340823 20.432917368388225 0.023034653187385748 0.10638851894537343 0.0 0.0030007656901974824 0.0
16.10907884206832 0.0045094680405424505 20.499863554141715 0.022935362733845534 0.10333839014121282 0.0 0.0029986431946114884 0.0
17.47528400007683 0.005345118497898002 20.56434591753992 0.02284109181341612 0.10034489268335584 0.0 0.0029964845362503334 0.0
18.957356524063755 0.006292235113665491 20.625690026197606 0.02275102791070078 0.09740696213818732 0.0 0.002994618328284632 0.0
20.565123083486515 0.0073571738130794075 20.684026478293415 0.02267043182565349 0.09452698362594293 0.0 0.0029926957765453806 0.0
22.309243744089834 0.008556920849158616 20.739540450349303 0.02259536981125541 0.09175822237333973 0.0 0.0029908123450673478 0.0
24.201282647943835 0.009902704737619488 20.791442505613773 0.022524686362196306 0.08910693907993054 0.0 0.002989031403468244 0.0
26.253784687830592 0.01140706981727463 20.840890484655688 0.02246072346296661 0.08656899678831986 0.0 0.0029873722202873976 0.0
28.48035868435799 0.013083638783224565 20.88774404316367 0.022405070579857096 0.0841363250551893 0.0 0.0029858060973505245 0.0
30.895767617294002 0.014941186962013473 20.931447651571855 0.0223510259604809 0.08185238476895985 0.0 0.002984266975175435 0.0
33.51602650938841 0.017003375375104282 20.97283168038922 0.02230346794475393 0.07967962309975245 0.0 0.0029828202726912725 0.0
36.35850861168578 0.019268909614243192 21.011736293038922 0.022262885946588887 0.07765737096198141 0.0 0.0029814538590740495 0.0
39.442060594376564 0.02175795579860786 21.048278443113773 0.02222462164107087 0.07573990053618482 0.0 0.0029801850775227593 0.0
42.78712750694267 0.024471260116485778 21.082653053268462 0.0221894839175414 0.0738935332195732 0.0 0.002979067741508393 0.0
46.41588833612773 0.027412911375125724 21.114614520958085 0.022159589968038417 0.07215479931044402 0.0 0.0029779209016462253 0.0
50.35240306053035 0.030584023146334283 21.144642355913174 0.022131826667668178 0.07050022569158322 0.0 0.002976776942644023 0.0
54.62277217684337 0.0339819666392313 21.17272486277445 0.022108080881276134 0.06894231107118534 0.0 0.0029757792281839245 0.0
59.25530975545674 0.03760062577481755 21.198955604416167 0.022084688657084805 0.06746920623758682 0.0 0.002974812647592141 0.0
64.28073117284319 0.041430619900336044 21.223486620508982 0.02206589259039541 0.06608371345337798 0.0 0.002973948586012338 0.0
69.7323567654597 0.045459507468217863 21.246241891217565 0.02205027771175433 0.06479955861734292 0.0 0.0029730454010998605 0.0
75.64633275546291 0.04966960838454926 21.267500155938123 0.022035241243752713 0.06359519382083187 0.0 0.0029722484255104275 0.0
82.06187091305455 0.054041891040916216 21.287294551521956 0.022020790582311097 0.062466613535034674 0.0 0.0029716648119000487 0.0
89.02150854450375 0.058555176634036615 21.305710843937124 0.02200827691418172 0.061417281853783354 0.0 0.0029709102623568556 0.0
96.57139052966039 0.0631839995850584 21.322828951472054 0.021997980267963287 0.06044904659150646 0.0 0.0029702296557154806 0.0
104.7615752789664 0.06790337781468313 21.338734640094806 0.021989066673878305 0.05954771392349366 0.0 0.0029697145854593204 0.0
113.64636663857242 0.07273987334169552 21.353509777320358 0.02198134420518581 0.058707879479444364 0.0 0.0029691844315188915 0.0
123.28467394420659 0.07750880075785928 21.367230382984033 0.02197325450984498 0.057916010957126444 0.0 0.002968612470587373 0.0
133.74040261108215 0.08237136718993654 21.379949086202593 0.021967614668400092 0.05719383904878191 0.0 0.0029681709619507964 0.0
145.082877849594 0.08715993915489334 21.391743856037923 0.02196362666136936 0.05653178077930729 0.0 0.0029676415315475174 0.0
157.38730431619013 0.09198212766361807 21.402675118512974 0.0219567313339312 0.05592034233380772 0.0 0.0029672689440779394 0.0
170.73526474706887 0.0966598297545534 21.412803299650697 0.02195223168037586 0.055332802547219125 0.0 0.0029668296326546026 0.0
185.21526088081706 0.10133642779138986 21.422181028567863 0.021949794167666514 0.05481031442585708 0.0 0.002966466192155208 0.0
200.92330025650458 0.10583886700476001 21.43087847742016 0.02194512077007313 0.05432111077876014 0.0 0.0029660699054902743 0.0
217.96353277791204 0.11029400701770287 21.438911240019962 0.021943036195480735 0.053879976506459905 0.0 0.0029658437694056257 0.0
236.4489412645407 0.11455857967902086 21.45284431137724 0.021938983730759077 0.05346767559330802 0.0 0.002965465590181441 0.0
256.5020905680046 0.11873601582235918 21.45322246132735 0.021937695524167865 0.053077625859673884 0.0 0.0029652967153489525 0.0
278.2559402207126 0.1227191993576324 21.459586686002993 0.021935593798614473 0.052724605328704995 0.0 0.002964919037705204 0.0
301.8547260049918 0.12656854869362838 21.466568815494014 0.02193182654409885 0.05241060996364248 0.0 0.0029647313218639595 0.0
327.4549162877725 0.13027440906760698 21.47090389533433 0.021932222200237002 0.052105323075677855 0.0 0.0029644929951924137 0.0
355.2262494616661 0.13379325029140937 21.480560363647708 0.021930543523014007 0.05183609028324649 0.0 0.002964303811600687 0.0
385.3528593710527 0.1371368134093142 21.480570109780437 0.02192762567910977 0.05157648800880656 0.0 0.0029641213123368614 0.0
418.0344961851454 0.1403284739115519 21.484856458957086 0.021928032517741124 0.051335337256891135 0.0 0.002963878557834439 0.0
453.4878508128582 0.14336683079154192 21.49388137786926 0.021925620798778436 0.051122096765263 0.0 0.002963858776681918 0.0
491.94799164082207 0.14623044255726828 21.494015874501 0.0219248243254112 0.05092353366527434 0.0 0.002963735077302814 0.0
533.6699231206302 0.1489352075877542 21.49586179204092 0.02192459034166295 0.05072798198663463 0.0 0.0029634240068065944 0.0
578.9302765393112 0.15148534413107378 21.498978605289423 0.021921998659464658 0.05057814374089268 0.0 0.002963433070824841 0.0
628.0291441834247 0.1538795273223085 21.50185566367265 0.0219212221252927 0.05041910879274659 0.0 0.002963318876261566 0.0
681.2920690579608 0.15614206157996507 21.50451245945609 0.021920376498578236 0.0502722973344449 0.0 0.002963194800676357 0.0
739.0722033525775 0.15825742923333022 21.509221790793415 0.02192045119344704 0.05013936809636987 0.0 0.0029630985868708895 0.0
801.7526499665792 0.16024355402963605 21.509231536926148 0.021920665574366994 0.05000273575761842 0.0 0.0029629370500835806 0.0
869.7490026177834 0.16209962886726548 21.51131526010479 0.021918760545219008 0.04988946867033392 0.0 0.0029629768657662855 0.0
943.5121013771044 0.16383585672892495 21.513246943612774 0.021919943394429736 0.04978876455866502 0.0 0.00296278286889995 0.0
1023.5310218990247 0.16545557261940963 21.515022688997007 0.021919545477655792 0.04969365396551709 0.0 0.0029626890589318153 0.0
1110.3363181676368 0.16696849221478915 21.516658090069857 0.021919526002987848 0.04962062007273539 0.0 0.0029626286295124766 0.0
1204.5035402587812 0.16838066116302552 21.52111402195609 0.02191902568115003 0.049526754627006356 0.0 0.0029626274742330133 0.0
1306.6570504423448 0.16969408960399512 21.521133514221557 0.021919799711179702 0.049455530691845453 0.0 0.0029626030446466907 0.0
1417.4741629268049 0.1709162241922405 21.521133514221557 0.02191777540508402 0.04939123357003912 0.0 0.002962417114098884 0.0
1537.689634694013 0.17205300397739676 21.522041853792416 0.021919171680726116 0.049327680631229075 0.0 0.002962496490209867 0.0
1668.100537200059 0.17310852538087887 21.524486183882235 0.021917967368829824 0.04926141024406889 0.0 0.002962376367991402 0.0
1809.5715412433183 0.17408941272727982 21.524486183882235 0.02191662320286078 0.04920556449863695 0.0 0.002962338605502767 0.0
1963.0406500402685 0.17499913807638628 21.525088494885228 0.021916234794209195 0.04916847006671533 0.0 0.0029624237910805765 0.0
2129.52541852136 0.17584300088787272 21.525944205339318 0.02191559612100311 0.04910860805973407 0.0 0.0029623688462349818 0.0
2310.1297000831582 0.176626589959729 21.526733642090818 0.02191531244431876 0.0490746371894629 0.0 0.0029623548560577394 0.0
2506.0509655300802 0.17735218954181478 21.527468500499 0.021915305222272564 0.04903675129373236 0.0 0.0029623431453895954 0.0
2718.58824273294 0.17802462701550026 21.528142932884233 0.02191532388876028 0.04900797915339049 0.0 0.0029621628722431063 0.0
2949.150729647068 0.17864720692891561 21.528764736152695 0.02191613577014463 0.04895691967966944 0.0 0.0029621446414544402 0.0
3199.2671377973843 0.17922302063353762 21.52932806262475 0.021917398809109704 0.04892439638210239 0.0 0.002962217159401437 0.0
3470.5958281810613 0.17975668231408276 21.52985825224551 0.021914547574375377 0.04891605284139582 0.0 0.002962218417771645 0.0
3764.9358067924636 0.18025017165376278 21.53128118762475 0.021915594706652355 0.04888521221718174 0.0 0.0029620807511646302 0.0
4084.238652674517 0.18070642772073042 21.53128118762475 0.02191690700705281 0.04886044190752238 0.0 0.0029621472152953844 0.0
4430.621457583878 0.1811283895831384 21.531300679890215 0.02191445134587108 0.04882910318827684 0.0 0.0029620497783350587 0.0
4806.380863064389 0.1815185699158324 21.5315950130988 0.02191660654791668 0.04882782818016434 0.0 0.002962177355276944 0.0
5214.008287999684 0.1818789027170269 21.531943924650697 0.021914757276756902 0.048801723219236946 0.0 0.0029619710440036352 0.0
5656.20644760902 0.18221212908655346 21.532271394710577 0.021916811917890876 0.04877327120520182 0.0 0.002962117531880662 0.0
6135.907273413163 0.18251987845597864 21.532945827095805 0.021915887691030603 0.04877419631075682 0.0 0.002962027629589607 0.0
6656.291352986187 0.1828043589335002 21.532945827095805 0.021914483180908405 0.04874410786784067 0.0 0.0029619460188248913 0.0
7220.8090183854565 0.18306678878570987 21.533099815993012 0.021916457324147546 0.04874386158991883 0.0 0.002962067731353467 0.0
7833.203223083877 0.18330951317579686 21.533333723178643 0.021915661100006582 0.04871561724370832 0.0 0.0029619986790499378 0.0
8497.534359086438 0.1835335219453671 21.5335481380988 0.021913735331531212 0.048710445926642434 0.0 0.0029619533397232996 0.0
9218.207178777464 0.1837397592510292 21.533752806886227 0.021916664598526932 0.048708083222133235 0.0 0.0029620659090901524 0.0
10000.0 0.18393008294933572 21.533937983408183 0.02191565354636257 0.04868410614404204 0.0 0.002962061120552151 0.0
10000000.0 0.18619621109343812 21.536093827969065 0.02191625877529807 0.04856649494295466 0.0 0.002961981068833833 0.0
