0.000000000000000000e+00,2.641615173416937429e-04,0.000000000000000000e+00,0.000000000000000000e+00,0.000000000000000000e+00,0.000000000000000000e+00,0.000000000000000000e+00
0.000000000000000000e+00,6.134379766658394455e-04,0.000000000000000000e+00,0.000000000000000000e+00,0.000000000000000000e+00,0.000000000000000000e+00,0.000000000000000000e+00
0.000000000000000000e+00,6.627150459917719415e-04,0.000000000000000000e+00,0.000000000000000000e+00,0.000000000000000000e+00,0.000000000000000000e+00,0.000000000000000000e+00
0.000000000000000000e+00,7.420918363297057457e-04,0.000000000000000000e+00,0.000000000000000000e+00,0.000000000000000000e+00,0.000000000000000000e+00,0.000000000000000000e+00
0.000000000000000000e+00,7.651808732997871561e-04,0.000000000000000000e+00,0.000000000000000000e+00,0.000000000000000000e+00,0.000000000000000000e+00,0.000000000000000000e+00
0.000000000000000000e+00,8.067384272992253946e-04,0.000000000000000000e+00,0.000000000000000000e+00,0.000000000000000000e+00,0.000000000000000000e+00,0.000000000000000000e+00
0.000000000000000000e+00,7.867713174420202810e-04,0.000000000000000000e+00,0.000000000000000000e+00,0.000000000000000000e+00,0.000000000000000000e+00,0.000000000000000000e+00
0.000000000000000000e+00,8.421115532606662183e-04,0.000000000000000000e+00,0.000000000000000000e+00,0.000000000000000000e+00,0.000000000000000000e+00,0.000000000000000000e+00
0.000000000000000000e+00,8.792832583010553671e-04,0.000000000000000000e+00,0.000000000000000000e+00,0.000000000000000000e+00,0.000000000000000000e+00,0.000000000000000000e+00
0.000000000000000000e+00,9.432908839094424416e-04,0.000000000000000000e+00,0.000000000000000000e+00,0.000000000000000000e+00,0.000000000000000000e+00,0.000000000000000000e+00
0.000000000000000000e+00,1.004627810980745356e-03,0.000000000000000000e+00,0.000000000000000000e+00,0.000000000000000000e+00,0.000000000000000000e+00,0.000000000000000000e+00
0.000000000000000000e+00,1.004627810980745356e-03,0.000000000000000000e+00,0.000000000000000000e+00,0.000000000000000000e+00,0.000000000000000000e+00,0.000000000000000000e+00
0.000000000000000000e+00,1.031425541746402172e-03,0.000000000000000000e+00,0.000000000000000000e+00,0.000000000000000000e+00,0.000000000000000000e+00,0.000000000000000000e+00
0.000000000000000000e+00,1.145234008035260140e-03,0.000000000000000000e+00,0.000000000000000000e+00,0.000000000000000000e+00,0.000000000000000000e+00,0.000000000000000000e+00
0.000000000000000000e+00,1.216192177669730761e-03,0.000000000000000000e+00,0.000000000000000000e+00,0.000000000000000000e+00,0.000000000000000000e+00,0.000000000000000000e+00
0.000000000000000000e+00,1.230284214733603403e-03,0.000000000000000000e+00,0.000000000000000000e+00,0.000000000000000000e+00,0.000000000000000000e+00,0.000000000000000000e+00
0.000000000000000000e+00,1.353096640752461102e-03,0.000000000000000000e+00,0.000000000000000000e+00,0.000000000000000000e+00,0.000000000000000000e+00,0.000000000000000000e+00
0.000000000000000000e+00,1.421361358579761262e-03,0.000000000000000000e+00,0.000000000000000000e+00,0.000000000000000000e+00,0.000000000000000000e+00,0.000000000000000000e+00
0.000000000000000000e+00,1.540090331060443851e-03,0.000000000000000000e+00,0.000000000000000000e+00,0.000000000000000000e+00,0.000000000000000000e+00,0.000000000000000000e+00
0.000000000000000000e+00,1.816869495871538094e-03,0.000000000000000000e+00,0.000000000000000000e+00,0.000000000000000000e+00,0.000000000000000000e+00,0.000000000000000000e+00
0.000000000000000000e+00,1.816869495871538094e-03,0.000000000000000000e+00,0.000000000000000000e+00,0.000000000000000000e+00,0.000000000000000000e+00,0.000000000000000000e+00
0.000000000000000000e+00,1.816869495871538094e-03,0.000000000000000000e+00,0.000000000000000000e+00,0.000000000000000000e+00,0.000000000000000000e+00,0.000000000000000000e+00
0.000000000000000000e+00,1.934250136335452898e-03,0.000000000000000000e+00,0.000000000000000000e+00,0.000000000000000000e+00,0.000000000000000000e+00,0.000000000000000000e+00
0.000000000000000000e+00,2.029947535006585736e-03,0.000000000000000000e+00,0.000000000000000000e+00,0.000000000000000000e+00,0.000000000000000000e+00,0.000000000000000000e+00
0.000000000000000000e+00,2.165758324240496264e-03,0.000000000000000000e+00,0.000000000000000000e+00,0.000000000000000000e+00,0.000000000000000000e+00,0.000000000000000000e+00
0.000000000000000000e+00,2.418413133678322217e-03,0.000000000000000000e+00,0.000000000000000000e+00,0.000000000000000000e+00,0.000000000000000000e+00,0.000000000000000000e+00
0.000000000000000000e+00,2.418413133678322217e-03,0.000000000000000000e+00,0.000000000000000000e+00,0.000000000000000000e+00,0.000000000000000000e+00,0.000000000000000000e+00
0.000000000000000000e+00,2.509790444802381150e-03,0.000000000000000000e+00,0.000000000000000000e+00,0.000000000000000000e+00,0.000000000000000000e+00,0.000000000000000000e+00
0.000000000000000000e+00,2.766394686556148015e-03,0.000000000000000000e+00,0.000000000000000000e+00,0.000000000000000000e+00,0.000000000000000000e+00,0.000000000000000000e+00
0.000000000000000000e+00,2.856708750753345679e-03,0.000000000000000000e+00,0.000000000000000000e+00,0.000000000000000000e+00,0.000000000000000000e+00,0.000000000000000000e+00
0.000000000000000000e+00,3.052409894452123764e-03,0.000000000000000000e+00,0.000000000000000000e+00,0.000000000000000000e+00,0.000000000000000000e+00,0.000000000000000000e+00
0.000000000000000000e+00,3.253766519580772454e-03,0.000000000000000000e+00,0.000000000000000000e+00,0.000000000000000000e+00,0.000000000000000000e+00,0.000000000000000000e+00
0.000000000000000000e+00,3.491788567183260437e-03,0.000000000000000000e+00,0.000000000000000000e+00,0.000000000000000000e+00,0.000000000000000000e+00,0.000000000000000000e+00
0.000000000000000000e+00,3.524975862331733000e-03,0.000000000000000000e+00,0.000000000000000000e+00,0.000000000000000000e+00,0.000000000000000000e+00,0.000000000000000000e+00
0.000000000000000000e+00,3.855406167264470094e-03,0.000000000000000000e+00,0.000000000000000000e+00,0.000000000000000000e+00,0.000000000000000000e+00,0.000000000000000000e+00
0.000000000000000000e+00,4.093565983686618670e-03,0.000000000000000000e+00,0.000000000000000000e+00,0.000000000000000000e+00,0.000000000000000000e+00,0.000000000000000000e+00
0.000000000000000000e+00,4.319030010771609043e-03,0.000000000000000000e+00,0.000000000000000000e+00,0.000000000000000000e+00,0.000000000000000000e+00,0.000000000000000000e+00
0.000000000000000000e+00,4.512836833200055062e-03,0.000000000000000000e+00,0.000000000000000000e+00,0.000000000000000000e+00,0.000000000000000000e+00,0.000000000000000000e+00
0.000000000000000000e+00,4.872273185295972892e-03,0.000000000000000000e+00,0.000000000000000000e+00,0.000000000000000000e+00,0.000000000000000000e+00,0.000000000000000000e+00
0.000000000000000000e+00,5.409534462911640140e-03,0.000000000000000000e+00,0.000000000000000000e+00,0.000000000000000000e+00,0.000000000000000000e+00,0.000000000000000000e+00
0.000000000000000000e+00,5.409534462911640140e-03,0.000000000000000000e+00,0.000000000000000000e+00,0.000000000000000000e+00,0.000000000000000000e+00,0.000000000000000000e+00
0.000000000000000000e+00,5.719461840783764128e-03,0.000000000000000000e+00,0.000000000000000000e+00,0.000000000000000000e+00,0.000000000000000000e+00,0.000000000000000000e+00
0.000000000000000000e+00,6.079121264155039686e-03,0.000000000000000000e+00,0.000000000000000000e+00,0.000000000000000000e+00,0.000000000000000000e+00,0.000000000000000000e+00
0.000000000000000000e+00,6.448263893584291716e-03,0.000000000000000000e+00,0.000000000000000000e+00,0.000000000000000000e+00,0.000000000000000000e+00,0.000000000000000000e+00
0.000000000000000000e+00,6.891414076982143970e-03,0.000000000000000000e+00,0.000000000000000000e+00,0.000000000000000000e+00,0.000000000000000000e+00,0.000000000000000000e+00
0.000000000000000000e+00,7.377890055764935000e-03,0.000000000000000000e+00,0.000000000000000000e+00,0.000000000000000000e+00,0.000000000000000000e+00,0.000000000000000000e+00
0.000000000000000000e+00,7.773002464614228377e-03,0.000000000000000000e+00,0.000000000000000000e+00,0.000000000000000000e+00,0.000000000000000000e+00,0.000000000000000000e+00
0.000000000000000000e+00,8.254392418318880556e-03,0.000000000000000000e+00,0.000000000000000000e+00,0.000000000000000000e+00,0.000000000000000000e+00,0.000000000000000000e+00
0.000000000000000000e+00,8.775518325988404186e-03,0.000000000000000000e+00,0.000000000000000000e+00,0.000000000000000000e+00,0.000000000000000000e+00,0.000000000000000000e+00
0.000000000000000000e+00,9.281571039896525932e-03,0.000000000000000000e+00,0.000000000000000000e+00,0.000000000000000000e+00,0.000000000000000000e+00,0.000000000000000000e+00
0.000000000000000000e+00,9.820753942706627812e-03,0.000000000000000000e+00,0.000000000000000000e+00,0.000000000000000000e+00,0.000000000000000000e+00,0.000000000000000000e+00
0.000000000000000000e+00,1.044115263544870623e-02,0.000000000000000000e+00,0.000000000000000000e+00,0.000000000000000000e+00,0.000000000000000000e+00,0.000000000000000000e+00
0.000000000000000000e+00,1.105276053537151797e-02,0.000000000000000000e+00,0.000000000000000000e+00,0.000000000000000000e+00,0.000000000000000000e+00,0.000000000000000000e+00
0.000000000000000000e+00,1.170891344904185713e-02,0.000000000000000000e+00,0.000000000000000000e+00,0.000000000000000000e+00,0.000000000000000000e+00,0.000000000000000000e+00
0.000000000000000000e+00,1.231315321551111619e-02,0.000000000000000000e+00,0.000000000000000000e+00,0.000000000000000000e+00,0.000000000000000000e+00,0.000000000000000000e+00
0.000000000000000000e+00,1.316632910402948907e-02,0.000000000000000000e+00,0.000000000000000000e+00,0.000000000000000000e+00,0.000000000000000000e+00,0.000000000000000000e+00
0.000000000000000000e+00,1.395727346043386906e-02,0.000000000000000000e+00,0.000000000000000000e+00,0.000000000000000000e+00,0.000000000000000000e+00,0.000000000000000000e+00
0.000000000000000000e+00,1.479217249476267107e-02,0.000000000000000000e+00,0.000000000000000000e+00,0.000000000000000000e+00,0.000000000000000000e+00,0.000000000000000000e+00
0.000000000000000000e+00,1.566959426788512924e-02,0.000000000000000000e+00,0.000000000000000000e+00,0.000000000000000000e+00,0.000000000000000000e+00,0.000000000000000000e+00
0.000000000000000000e+00,1.656816962236415738e-02,0.000000000000000000e+00,0.000000000000000000e+00,0.000000000000000000e+00,0.000000000000000000e+00,0.000000000000000000e+00
0.000000000000000000e+00,1.742663925993228474e-02,0.000000000000000000e+00,0.000000000000000000e+00,0.000000000000000000e+00,0.000000000000000000e+00,0.000000000000000000e+00
0.000000000000000000e+00,1.857567975621023451e-02,0.000000000000000000e+00,0.000000000000000000e+00,0.000000000000000000e+00,0.000000000000000000e+00,0.000000000000000000e+00
0.000000000000000000e+00,1.965823002204209607e-02,0.000000000000000000e+00,0.000000000000000000e+00,0.000000000000000000e+00,0.000000000000000000e+00,0.000000000000000000e+00
0.000000000000000000e+00,2.079143067319949925e-02,0.000000000000000000e+00,0.000000000000000000e+00,0.000000000000000000e+00,0.000000000000000000e+00,0.000000000000000000e+00
0.000000000000000000e+00,2.197579423824470163e-02,0.000000000000000000e+00,0.000000000000000000e+00,0.000000000000000000e+00,0.000000000000000000e+00,0.000000000000000000e+00
0.000000000000000000e+00,2.322554588317871094e-02,0.000000000000000000e+00,0.000000000000000000e+00,0.000000000000000000e+00,0.000000000000000000e+00,0.000000000000000000e+00
0.000000000000000000e+00,2.454198620276536874e-02,0.000000000000000000e+00,0.000000000000000000e+00,0.000000000000000000e+00,0.000000000000000000e+00,0.000000000000000000e+00
0.000000000000000000e+00,2.592416009503210536e-02,0.000000000000000000e+00,0.000000000000000000e+00,0.000000000000000000e+00,0.000000000000000000e+00,0.000000000000000000e+00
0.000000000000000000e+00,2.739044863306833513e-02,0.000000000000000000e+00,0.000000000000000000e+00,0.000000000000000000e+00,0.000000000000000000e+00,0.000000000000000000e+00
0.000000000000000000e+00,2.890700208926629336e-02,0.000000000000000000e+00,0.000000000000000000e+00,0.000000000000000000e+00,0.000000000000000000e+00,0.000000000000000000e+00
0.000000000000000000e+00,3.033464397498947251e-02,0.000000000000000000e+00,0.000000000000000000e+00,0.000000000000000000e+00,0.000000000000000000e+00,0.000000000000000000e+00
0.000000000000000000e+00,3.218585716750093501e-02,0.000000000000000000e+00,0.000000000000000000e+00,0.000000000000000000e+00,0.000000000000000000e+00,0.000000000000000000e+00
0.000000000000000000e+00,3.397215768962563026e-02,0.000000000000000000e+00,0.000000000000000000e+00,0.000000000000000000e+00,0.000000000000000000e+00,0.000000000000000000e+00
0.000000000000000000e+00,3.584160776195412235e-02,0.000000000000000000e+00,0.000000000000000000e+00,0.000000000000000000e+00,0.000000000000000000e+00,0.000000000000000000e+00
0.000000000000000000e+00,3.779682570588802776e-02,0.000000000000000000e+00,0.000000000000000000e+00,0.000000000000000000e+00,0.000000000000000000e+00,0.000000000000000000e+00
0.000000000000000000e+00,3.984706558867129322e-02,0.000000000000000000e+00,0.000000000000000000e+00,0.000000000000000000e+00,0.000000000000000000e+00,0.000000000000000000e+00
0.000000000000000000e+00,4.198857838522174202e-02,0.000000000000000000e+00,0.000000000000000000e+00,0.000000000000000000e+00,0.000000000000000000e+00,0.000000000000000000e+00
0.000000000000000000e+00,4.423639160430360012e-02,0.000000000000000000e+00,0.000000000000000000e+00,0.000000000000000000e+00,0.000000000000000000e+00,0.000000000000000000e+00
0.000000000000000000e+00,4.647640411011472877e-02,0.000000000000000000e+00,0.000000000000000000e+00,0.000000000000000000e+00,0.000000000000000000e+00,0.000000000000000000e+00
0.000000000000000000e+00,4.903069227755426501e-02,0.000000000000000000e+00,0.000000000000000000e+00,0.000000000000000000e+00,0.000000000000000000e+00,0.000000000000000000e+00
0.000000000000000000e+00,5.158652231364906776e-02,0.000000000000000000e+00,0.000000000000000000e+00,0.000000000000000000e+00,0.000000000000000000e+00,0.000000000000000000e+00
0.000000000000000000e+00,5.418985903620006372e-02,0.000000000000000000e+00,0.000000000000000000e+00,0.000000000000000000e+00,0.000000000000000000e+00,0.000000000000000000e+00
0.000000000000000000e+00,5.703570885572604998e-02,0.000000000000000000e+00,0.000000000000000000e+00,0.000000000000000000e+00,0.000000000000000000e+00,0.000000000000000000e+00
0.000000000000000000e+00,5.977279982880917553e-02,0.000000000000000000e+00,0.000000000000000000e+00,0.000000000000000000e+00,0.000000000000000000e+00,0.000000000000000000e+00
0.000000000000000000e+00,6.293964957048793496e-02,0.000000000000000000e+00,0.000000000000000000e+00,0.000000000000000000e+00,0.000000000000000000e+00,0.000000000000000000e+00
0.000000000000000000e+00,6.605915252320067321e-02,0.000000000000000000e+00,0.000000000000000000e+00,0.000000000000000000e+00,0.000000000000000000e+00,0.000000000000000000e+00
0.000000000000000000e+00,6.926038593589188552e-02,0.000000000000000000e+00,0.000000000000000000e+00,0.000000000000000000e+00,0.000000000000000000e+00,0.000000000000000000e+00
0.000000000000000000e+00,7.292483666699803302e-02,0.000000000000000000e+00,0.000000000000000000e+00,0.000000000000000000e+00,0.000000000000000000e+00,0.000000000000000000e+00
0.000000000000000000e+00,7.612453963228328624e-02,0.000000000000000000e+00,0.000000000000000000e+00,0.000000000000000000e+00,0.000000000000000000e+00,0.000000000000000000e+00
0.000000000000000000e+00,7.975450961175792330e-02,0.000000000000000000e+00,0.000000000000000000e+00,0.000000000000000000e+00,0.000000000000000000e+00,0.000000000000000000e+00
0.000000000000000000e+00,8.347044162407606105e-02,0.000000000000000000e+00,0.000000000000000000e+00,0.000000000000000000e+00,0.000000000000000000e+00,0.000000000000000000e+00
0.000000000000000000e+00,8.730291035360918106e-02,0.000000000000000000e+00,0.000000000000000000e+00,0.000000000000000000e+00,0.000000000000000000e+00,0.000000000000000000e+00
0.000000000000000000e+00,9.122642928254819095e-02,0.000000000000000000e+00,0.000000000000000000e+00,0.000000000000000000e+00,0.000000000000000000e+00,0.000000000000000000e+00
0.000000000000000000e+00,9.520851066726410128e-02,0.000000000000000000e+00,0.000000000000000000e+00,0.000000000000000000e+00,0.000000000000000000e+00,0.000000000000000000e+00
0.000000000000000000e+00,9.945602188567201352e-02,0.000000000000000000e+00,0.000000000000000000e+00,0.000000000000000000e+00,0.000000000000000000e+00,0.000000000000000000e+00
0.000000000000000000e+00,1.036918091916752410e-01,0.000000000000000000e+00,0.000000000000000000e+00,0.000000000000000000e+00,0.000000000000000000e+00,0.000000000000000000e+00
0.000000000000000000e+00,1.080644002217732436e-01,0.000000000000000000e+00,0.000000000000000000e+00,0.000000000000000000e+00,0.000000000000000000e+00,0.000000000000000000e+00
0.000000000000000000e+00,1.124682740536992465e-01,0.000000000000000000e+00,0.000000000000000000e+00,0.000000000000000000e+00,0.000000000000000000e+00,0.000000000000000000e+00
0.000000000000000000e+00,1.169968222429652455e-01,0.000000000000000000e+00,0.000000000000000000e+00,0.000000000000000000e+00,0.000000000000000000e+00,0.000000000000000000e+00
0.000000000000000000e+00,1.216098077282934120e-01,0.000000000000000000e+00,0.000000000000000000e+00,0.000000000000000000e+00,0.000000000000000000e+00,0.000000000000000000e+00
0.000000000000000000e+00,1.263092292283109486e-01,0.000000000000000000e+00,0.000000000000000000e+00,0.000000000000000000e+00,0.000000000000000000e+00,0.000000000000000000e+00
0.000000000000000000e+00,1.309383529388976064e-01,0.000000000000000000e+00,0.000000000000000000e+00,0.000000000000000000e+00,0.000000000000000000e+00,0.000000000000000000e+00
0.000000000000000000e+00,1.357403829426108710e-01,6.422408061697623994e-06,0.000000000000000000e+00,1.106512596009962493e-05,1.059879135239160285e-05,9.529498603307839832e-06
0.000000000000000000e+00,1.405253153361246121e-01,4.670440073290084762e-05,0.000000000000000000e+00,5.773010792986487912e-05,5.677626782433624228e-05,5.437791196986882161e-05
0.000000000000000000e+00,1.453323706895291445e-01,1.251137988023505389e-04,0.000000000000000000e+00,1.421550839719638057e-04,1.406962087627384019e-04,1.370097802142904208e-04
0.000000000000000000e+00,1.502032137202645445e-01,2.432111233412126905e-04,0.000000000000000000e+00,2.659109216820546321e-04,2.639578788542195362e-04,2.591154491058503566e-04
0.000000000000000000e+00,1.550411978167688110e-01,4.027349885757974726e-04,4.248019123405758262e-06,4.309065025337265433e-04,4.285464414056814556e-04,4.223584827750620171e-04
0.000000000000000000e+00,1.598722149512011026e-01,6.062602681200761215e-04,5.144770861170780825e-05,6.396238592788727447e-04,6.364861283777703462e-04,6.295044614811136537e-04
0.000000000000000000e+00,1.646810748619947640e-01,8.563904922508658877e-04,1.523567251913052027e-04,8.945962193026629414e-04,8.911906412360891131e-04,8.830331792735089886e-04
0.000000000000000000e+00,1.694387447334335106e-01,1.156568284432902540e-03,3.085707728666574269e-04,1.199558587141439942e-03,1.195709750971645207e-03,1.186526664579757575e-03
0.000000000000000000e+00,1.741528653812979555e-01,1.510856836245161967e-03,5.227910508005522306e-04,1.558645990053173121e-03,1.554330670221334412e-03,1.544127319798325147e-03
0.000000000000000000e+00,1.788410255295073970e-01,1.924094867317836799e-03,7.991340203597788140e-04,1.976821144341942612e-03,1.971944101147301252e-03,1.960626756302034056e-03
0.000000000000000000e+00,1.834173373833387910e-01,2.402610060153813690e-03,1.139470224101174316e-03,2.460003858600823788e-03,2.454781460257815431e-03,2.442343307263923537e-03
0.000000000000000000e+00,1.879486152511870845e-01,2.952080151699711108e-03,1.550109316614382534e-03,3.014540288529885328e-03,3.008798049896025274e-03,2.995257184963033472e-03
0.000000000000000000e+00,1.923507416319704399e-01,3.580191956032560772e-03,2.035594718060566681e-03,3.647782912916340634e-03,3.641486768155899768e-03,3.626801991703534206e-03
0.000000000000000000e+00,1.966875270455183400e-01,4.295231125748084737e-03,2.600243567090320361e-03,4.368086456053213613e-03,4.361374020456427678e-03,4.345393421674015495e-03
0.000000000000000000e+00,2.009238511502385860e-01,5.106542358087667530e-03,3.259584328453244903e-03,5.185103272528236024e-03,5.177611190626868823e-03,5.160480075412325965e-03
0.000000000000000000e+00,2.050477216343679909e-01,6.024439320302057803e-03,4.014751402404019391e-03,6.108868769716688761e-03,6.100852924051121569e-03,6.082266990584556457e-03
0.000000000000000000e+00,2.090232757751099291e-01,7.060190325113517747e-03,4.878929635637142478e-03,7.150556000185684553e-03,7.141983881217595607e-03,7.121931422840465514e-03
0.000000000000000000e+00,2.128981401820382591e-01,8.225657546593070218e-03,5.863643257854041051e-03,8.322285934233330032e-03,8.312976372326008265e-03,8.291443911465731786e-03
0.000000000000000000e+00,2.166109599039226230e-01,9.533138236300279719e-03,6.981593628142501902e-03,9.635895550610793295e-03,9.626142688148091320e-03,9.603123713021325877e-03
0.000000000000000000e+00,2.202061179155361259e-01,1.099574347377551761e-02,8.246854758162877608e-03,1.110500684926207619e-02,1.109452262025585265e-02,1.107016284056384220e-02
0.000000000000000000e+00,2.236628960706516789e-01,1.262635951615156786e-02,9.677591682976759493e-03,1.274213560630138228e-02,1.273096051941225229e-02,1.270510837285205620e-02
0.000000000000000000e+00,2.269816141642496121e-01,1.443811638049341192e-02,1.128878919316801156e-02,1.455966327751666289e-02,1.454779556750770975e-02,1.452039564498747160e-02
0.000000000000000000e+00,2.301614955513777150e-01,1.644297869773600484e-02,1.309905590871388026e-02,1.656933329714615696e-02,1.655695205488713975e-02,1.653286134353791972e-02
0.000000000000000000e+00,2.331829185257414949e-01,1.865122226008086859e-02,1.512348036719499134e-02,1.878189225072112237e-02,1.876899819119579385e-02,1.873961361971768561e-02
0.000000000000000000e+00,2.360724032282115470e-01,2.107710750913911399e-02,1.738065988282612093e-02,2.121124421087069306e-02,2.119796345721318767e-02,2.116743916212910498e-02
0.000000000000000000e+00,2.388272542439535129e-01,2.372684595298378551e-02,1.989097808029196071e-02,2.386184285584110054e-02,2.384850001647273107e-02,2.381797559333570166e-02
0.000000000000000000e+00,2.414310021314792221e-01,2.660313740281611966e-02,2.266816015522848948e-02,2.673696943931656508e-02,2.672341799087754946e-02,2.669311484905204437e-02
0.000000000000000000e+00,2.439044335645116079e-01,2.970795136119586122e-02,2.572869389958295366e-02,2.983771771252514970e-02,2.982463625382560796e-02,2.979525556468000380e-02
0.000000000000000000e+00,2.462463150481264129e-01,3.304048759631372789e-02,2.908446765511272028e-02,3.316247966927542146e-02,3.314988826817016204e-02,3.312256552956321237e-02
0.000000000000000000e+00,2.484593419971580230e-01,3.659544748589851904e-02,3.274636953611919504e-02,3.670669801278373529e-02,3.669506737592837659e-02,3.667028407857875899e-02
0.000000000000000000e+00,2.505489280837738808e-01,4.036566196294034958e-02,3.671937939844703569e-02,4.046161505777830930e-02,4.045106132945265609e-02,4.043030786995936016e-02
0.000000000000000000e+00,2.525111672407138741e-01,4.433942666607330191e-02,4.100759657855811841e-02,4.441562936579437904e-02,4.440661043318856749e-02,4.439431778108230559e-02
0.000000000000000000e+00,2.543597421246374668e-01,4.850176638352652475e-02,4.560746707676843759e-02,4.855939224212462574e-02,4.855258323154660466e-02,4.853818103520557425e-02
0.000000000000000000e+00,2.560965486629280252e-01,5.283527024651739346e-02,5.051357210763162547e-02,5.285818380129408967e-02,5.285351033897438267e-02,5.285093134099787260e-02
0.000000000000000000e+00,2.577259269303190381e-01,5.731948184384347972e-02,5.571290871421994556e-02,5.730797059579154779e-02,5.730601884087047071e-02,5.731219667376893923e-02
0.000000000000000000e+00,2.592543641964118462e-01,6.193156349197667665e-02,6.119051604756417517e-02,6.188072189238949528e-02,6.188210739950159023e-02,6.189796370689314847e-02
0.000000000000000000e+00,2.606812437137444038e-01,6.665500555407491423e-02,6.692542125324159319e-02,6.655393327985491270e-02,6.655801579071075891e-02,6.659138997395833148e-02
0.000000000000000000e+00,2.620168674491836769e-01,7.144829309156615349e-02,7.289217173471278233e-02,7.130318532287474587e-02,7.130751749059824340e-02,7.135329583678583221e-02
0.000000000000000000e+00,2.632657582174517952e-01,7.628877099808267781e-02,7.906264407531653216e-02,7.609801417145450886e-02,7.611073996245200368e-02,7.615724814058554004e-02
0.000000000000000000e+00,2.644299490009239251e-01,8.117027049637617897e-02,8.540521406229570345e-02,8.091179369920696585e-02,8.092611721995374152e-02,8.099216499713936257e-02
0.000000000000000000e+00,2.655162697066804078e-01,8.603717936032172220e-02,9.183903352319779112e-02,8.572770700128505561e-02,8.574457543133968962e-02,8.582549432311395443e-02
0.000000000000000000e+00,2.665273929070569592e-01,9.089628013719609767e-02,9.847104167007170172e-02,9.050823649170412766e-02,9.053754086220733299e-02,9.063458683514835634e-02
0.000000000000000000e+00,2.674696688166635639e-01,9.569445452719259337e-02,1.051243950964849266e-01,9.525272975745095738e-02,9.528794917695351807e-02,9.540223401002209669e-02
0.000000000000000000e+00,2.683462268578078458e-01,1.004322929926171060e-01,1.118098941308185157e-01,9.992221087757011122e-02,9.996280881453377398e-02,1.000870675751657224e-01
0.000000000000000000e+00,2.691605619327750998e-01,1.050911726631117982e-01,1.184926691414422140e-01,1.044967467156454333e-01,1.045459927869107214e-01,1.046914688264480725e-01
0.000000000000000000e+00,2.699180191862369238e-01,1.096342207215225684e-01,1.251251667613264840e-01,1.089780795981946382e-01,1.090310164928916525e-01,1.091909774626144275e-01
0.000000000000000000e+00,2.706197179006245568e-01,1.140629987852636584e-01,1.317209007018446953e-01,1.133283388686611853e-01,1.133869090469222102e-01,1.135732631490688066e-01
0.000000000000000000e+00,2.712720539755449911e-01,1.183567008272936316e-01,1.382506409117034984e-01,1.175573721258213328e-01,1.176222602406297169e-01,1.178189672604955801e-01
0.000000000000000000e+00,2.718776771408354942e-01,1.225159716946044447e-01,1.445687372481640198e-01,1.216385762696294975e-01,1.217094951525915791e-01,1.219248376711450504e-01
0.000000000000000000e+00,2.724388031188599291e-01,1.265136190441621122e-01,1.508250003745532641e-01,1.255658569949973380e-01,1.256425056572767207e-01,1.258800776317866299e-01
0.000000000000000000e+00,2.729581958519484708e-01,1.303591912729919755e-01,1.568381018219632550e-01,1.293411254882812500e-01,1.294239117179632470e-01,1.296783293136442583e-01
0.000000000000000000e+00,2.738617765689324579e-01,1.340451677559349464e-01,1.627070109049479074e-01,1.329559848102285502e-01,1.330442246113418825e-01,1.333174734404592721e-01
0.000000000000000000e+00,2.738861951999321809e-01,1.375618990958343835e-01,1.683789496641278638e-01,1.364072650011396437e-01,1.365050501213573020e-01,1.367898960306186962e-01
0.000000000000000000e+00,2.742989134645747451e-01,1.409181023809429056e-01,1.738424261244769786e-01,1.396959331673635618e-01,1.397951400772202424e-01,1.401024712456597210e-01
0.000000000000000000e+00,2.747521314792290559e-01,1.441023257502227484e-01,1.790883424724328821e-01,1.428203007105130762e-01,1.429250204311036665e-01,1.432469377614030981e-01
0.000000000000000000e+00,2.750338251719217642e-01,1.471255859872231397e-01,1.841327449101617109e-01,1.457852799168055102e-01,1.458950138764318893e-01,1.462300926747948371e-01
0.000000000000000000e+00,2.756634329607386968e-01,1.499870284754487026e-01,1.889095120183925947e-01,1.485860199036012907e-01,1.487006641706791199e-01,1.490497935901988757e-01
0.000000000000000000e+00,2.756644151881783578e-01,1.526924646070678404e-01,1.934905750482152076e-01,1.512358145454759939e-01,1.513529889893315827e-01,1.517176001962989296e-01
0.000000000000000000e+00,2.759425911360872119e-01,1.552395480713387732e-01,1.978219429984418576e-01,1.537295673454791289e-01,1.538548157414400819e-01,1.542310310132575801e-01
0.000000000000000000e+00,2.765319275998783799e-01,1.576390625745847096e-01,2.019534144275191845e-01,1.560798199843592693e-01,1.562063902886612621e-01,1.565954497366240650e-01
0.000000000000000000e+00,2.765410645993169880e-01,1.598960892003325474e-01,2.058465763448505126e-01,1.582864189531721644e-01,1.584191759307338743e-01,1.588185474126025953e-01
0.000000000000000000e+00,2.766613760394250332e-01,1.620119487195296470e-01,2.095169641981563802e-01,1.603585440867863476e-01,1.604931112022438267e-01,1.609060114080255732e-01
0.000000000000000000e+00,2.768647428044301861e-01,1.639972694536818987e-01,2.129856891711885414e-01,1.622993576694542195e-01,1.624379537376872407e-01,1.628599224668560719e-01
0.000000000000000000e+00,2.770530792053588209e-01,1.658541490978233113e-01,2.162546240302475609e-01,1.641159825161908892e-01,1.642581136805293385e-01,1.646911158706202694e-01
0.000000000000000000e+00,2.772261568172249002e-01,1.675899684307774196e-01,2.193272376492765019e-01,1.658144975811902677e-01,1.659605827216295293e-01,1.664025354867029738e-01
0.000000000000000000e+00,2.775345077057798648e-01,1.692127453091188394e-01,2.222055304831873357e-01,1.674011199766961278e-01,1.675493868456146285e-01,1.680006239149305636e-01
0.000000000000000000e+00,2.775351472957405252e-01,1.707266440459521417e-01,2.249009945070061800e-01,1.688802093567262907e-01,1.690321016647784447e-01,1.694917466905381809e-01
0.000000000000000000e+00,2.776715855398577681e-01,1.721378178800439251e-01,2.274237809653395226e-01,1.702594565193897846e-01,1.704142897991015315e-01,1.708810671411379323e-01
0.000000000000000000e+00,2.777974933921220080e-01,1.734520937420442888e-01,2.297870205037264579e-01,1.715445566465197413e-01,1.717012065414935673e-01,1.721752590603298494e-01
0.000000000000000000e+00,2.779146068824265292e-01,1.746756714861650295e-01,2.319907556850374919e-01,1.727402992171780671e-01,1.728996899192787040e-01,1.733808421125315746e-01
0.000000000000000000e+00,2.780221722083177638e-01,1.758131194260358354e-01,2.340512880886615188e-01,1.738522105533592266e-01,1.740133356591846148e-01,1.745005597971906464e-01
0.000000000000000000e+00,2.783134597504210439e-01,1.768709015700579146e-01,2.359681920858939241e-01,1.748854639064857941e-01,1.750489664221818453e-01,1.755421185734296063e-01
0.000000000000000000e+00,2.783154013628017509e-01,1.778747341055005593e-01,2.377523850530094962e-01,1.758450943699305102e-01,1.760104698957153102e-01,1.765093870837279033e-01
0.000000000000000000e+00,2.783154013628017509e-01,1.787644675695726215e-01,2.394145502704955464e-01,1.767354615977112797e-01,1.769022715896037823e-01,1.774065576418481782e-01
0.000000000000000000e+00,2.783748147016513741e-01,1.796228133005425831e-01,2.409615403604973005e-01,1.775621686662946508e-01,1.777309483031611903e-01,1.782394717438052500e-01
0.000000000000000000e+00,2.785345066093399269e-01,1.803947495345913921e-01,2.423972498256624919e-01,1.783281015438333006e-01,1.784982825333978340e-01,1.790115202316130139e-01
0.000000000000000000e+00,2.785346893493286791e-01,1.811220903260644666e-01,2.437324470722193048e-01,1.790380804111779967e-01,1.792097139694659447e-01,1.797276352391098397e-01
0.000000000000000000e+00,2.785739327619175532e-01,1.817954348935129083e-01,2.449693028065616229e-01,1.797074561627577949e-01,1.798789186660136596e-01,1.803903136590514489e-01
0.000000000000000000e+00,2.786304451034454788e-01,1.824193515505664331e-01,2.461192451594098607e-01,1.803054195534535276e-01,1.804794050295427388e-01,1.810044567994397169e-01
0.000000000000000000e+00,2.786825031577470080e-01,1.829968858396448517e-01,2.471837638312303909e-01,1.808694114147777199e-01,1.810446102453502626e-01,1.815729777018229296e-01
0.000000000000000000e+00,2.787305409322955452e-01,1.835310522262044997e-01,2.481716693362099047e-01,1.814021949077276041e-01,1.815786985952448362e-01,1.820984349106297417e-01
0.000000000000000000e+00,2.787746269545869349e-01,1.840259217924595792e-01,2.490855367280116750e-01,1.818738818408497937e-01,1.820513215309903787e-01,1.825859917534722321e-01
0.000000000000000000e+00,2.788153779720831671e-01,1.844830483865834980e-01,2.499330486047550426e-01,1.823205007633692809e-01,1.824985592506923326e-01,1.830356328174321257e-01
0.000000000000000000e+00,2.788529310397759309e-01,1.849132467918629119e-01,2.507174823074659886e-01,1.827422819387025388e-01,1.829123290523901602e-01,1.834517353712910304e-01
0.000000000000000000e+00,2.788876516376426751e-01,1.852974202142470828e-01,2.514422854286523790e-01,1.831154775331677587e-01,1.832952124834781038e-01,1.838439941406249944e-01
0.000000000000000000e+00,2.789805292369362810e-01,1.856586899145557523e-01,2.521140552132365986e-01,1.834684406487754604e-01,1.836489920409664633e-01,1.841928347192629545e-01
0.000000000000000000e+00,2.789805292369362810e-01,1.859925497330861821e-01,2.527348772418714917e-01,1.837943861901880083e-01,1.839754502218655663e-01,1.845211144649621104e-01
0.000000000000000000e+00,2.789821282118380430e-01,1.863087578363671060e-01,2.533089865201686441e-01,1.840960312657193287e-01,1.842813021226711867e-01,1.848253962969539088e-01
0.000000000000000000e+00,2.790017042331353059e-01,1.865862129662041735e-01,2.538402349879053110e-01,1.843795315840354720e-01,1.845582499124732434e-01,1.851051407630997514e-01
0.000000000000000000e+00,2.790245924167290559e-01,1.868493882313279619e-01,2.543308359143457986e-01,1.846311941473057217e-01,1.848172344349902352e-01,1.853647097192629434e-01
0.000000000000000000e+00,2.790459729954153922e-01,1.870926431628691378e-01,2.547842581734331424e-01,1.848683808171293352e-01,1.850567651539290759e-01,1.856079872208412362e-01
0.000000000000000000e+00,2.790899904902109929e-01,1.873174073011472096e-01,2.552036726990171700e-01,1.850875301859987998e-01,1.852711872511879909e-01,1.858248623934659061e-01
0.000000000000000000e+00,2.790903559701885528e-01,1.875243488008767057e-01,2.555893561497559197e-01,1.852898703254684254e-01,1.854739616524656853e-01,1.860286674114188799e-01
0.000000000000000000e+00,2.791003838270724180e-01,1.877202269016118308e-01,2.559471822017738707e-01,1.854804670306998138e-01,1.856610470067818486e-01,1.862169053819444364e-01
0.000000000000000000e+00,2.791154370336475510e-01,1.878921912789587589e-01,2.562774275137290614e-01,1.856488816934812047e-01,1.858338109196012722e-01,1.863944930259627542e-01
0.000000000000000000e+00,2.791297135952703901e-01,1.880551899523453530e-01,2.565821989477096166e-01,1.858079783633441173e-01,1.859931139067220462e-01,1.865510574494949614e-01
0.000000000000000000e+00,2.791426196069774490e-01,1.882088189212464957e-01,2.568631138927933155e-01,1.859545487033529287e-01,1.861422904668617873e-01,1.867020578095407168e-01
0.000000000000000000e+00,2.791548175012280031e-01,1.883442057125922775e-01,2.571227899655138538e-01,1.860896212234343650e-01,1.862752862567267631e-01,1.868352716619318121e-01
0.000000000000000000e+00,2.792976288024536791e-01,1.899890627734772686e-01,2.602073424697088355e-01,1.876954322369765449e-01,1.878844507991487278e-01,1.884537976197522002e-01
