0.0 2.8702469464547624e-05 0.08647145228788841 0.04524406511786445 0.0545310872529041 0.004567840713284394 0.003254206376402156 0.0017282336586865567
0.001 3.945666377098657e-05 0.21676034476863332 0.03830546697122717 0.05492003367433078 0.00397890413515308 0.0032265878250553374 0.0016624435309241445
0.0011226677735108135 4.146197291508724e-05 0.22593767390755598 0.03791076027780826 0.05519133522317693 0.003972070641002666 0.003225721391510692 0.0016646522626625553
0.0012603829296797275 4.294980627175418e-05 0.23557660933422866 0.037521828689681444 0.055472346794026135 0.003966037396856888 0.003224942242885975 0.001666979980001914
0.0014149912974345759 4.431933997395985e-05 0.24574224709354078 0.03713692017621897 0.0557440454282078 0.003960383979529506 0.0032241820244098603 0.0016694555565833378
0.0015885651294280528 4.577593591636764e-05 0.25637180838518275 0.036755777180459866 0.056197069476534474 0.003959183159203269 0.0032231174623398207 0.0016746703711479325
0.0017834308769319094 4.819556029732832e-05 0.267618137443375 0.03639518619484553 0.05683337956785087 0.003959514422806347 0.003222217245800544 0.0016815745992563177
0.0020022003718155844 5.4429118544438314e-05 0.2793804810829188 0.03605862554431723 0.057497213583817784 0.003956813174345437 0.0032204549633872335 0.0016905941109520942
0.002247805833548725 8.53889082085666e-05 0.2917215292721848 0.035688285181494785 0.05814960028396987 0.003928845796422686 0.003210834553864214 0.0017226601529017407
0.0025235391704347657 0.00010865913853991135 0.30456601851635273 0.03530686079737821 0.05878044311472725 0.0039067757674720325 0.003204600111167202 0.0017556779517612158
0.002833096101839324 0.00011550579083735198 0.3180886000216364 0.03499516949547339 0.05932695175819218 0.003908222479561129 0.003203551096026022 0.001765247231885611
0.0031806256927941192 0.00012145083861119416 0.3322515430564652 0.03471478983009141 0.05977711678482667 0.0039079674458913135 0.0032027398835044693 0.0017715025165462438
0.003570785964900463 0.00012836508646220745 0.34701809657865257 0.03441890062009959 0.06019679714794241 0.003908608038901353 0.00320159431921511 0.001779764436636764
0.004008806328898464 0.0001314223030766724 0.36259571108434174 0.03419628367682741 0.060495995192586964 0.0039128681590179 0.0032016369379832452 0.0017809566927695754
0.004500557675700498 0.00013822812837358323 0.3786441805516571 0.03392207226560837 0.06084232883461446 0.003913882120983933 0.003200739538187211 0.0017870248608583379
0.00505263106533568 0.00014579650051817444 0.3956544156559927 0.03367778429685749 0.061039315870214994 0.003912551582763635 0.0031995904660685865 0.0017928100834531204
0.005672426068491977 0.00015249915782880247 0.41336831646765065 0.03344056680973034 0.06118135166607719 0.003914394971375209 0.003198771282694534 0.0017977159038905376
0.006368249944718587 0.00016011698239657058 0.43186066932703604 0.03323536116634234 0.06125258768889331 0.003911062385936279 0.003197874299285792 0.0018001091121216477
0.007149428986597577 0.00016861372761780313 0.4513223715329757 0.03302837695372902 0.06123719838179333 0.00390984918500631 0.003196665120584449 0.001804332771898288
0.008026433522257174 0.00017769849863515563 0.4716994944843386 0.0328336822402382 0.06115245062043381 0.0039062118254711326 0.003195420147669122 0.0018063710442008914
0.009011018251665018 0.00018763345872570655 0.49294128722535396 0.032639576589349135 0.06103167950070285 0.003903229284720291 0.0031941249412063668 0.0018102567609205374
0.010116379797662075 0.00019817987205342935 0.515202682809836 0.03248571966095348 0.06075137291578287 0.0038968134610997706 0.003192765445873851 0.0018104430618946245
0.011357333583431058 0.00021065001240271533 0.5387240147796855 0.032297729993217665 0.06046769969988925 0.003892319764267751 0.0031912870799115866 0.001813175392002079
0.012750512407130135 0.0002239784715339016 0.5634333647970985 0.03216253009849353 0.060087193801631814 0.0038851534101778475 0.003190007979461084 0.001813495082148304
0.014314589375234792 0.00023882088071095967 0.5893062710841338 0.03204276231414769 0.05968598610944867 0.003878174283980139 0.0031886677309568745 0.001813918678729256
0.01607052818261639 0.00025551551513011976 0.6166171887994844 0.03192281986062232 0.059173657002947626 0.0038742016318628423 0.0031872521591373606 0.0018169249647718958
0.018041864093920727 0.0002726924395608807 0.6452691033135551 0.03182126838221985 0.05860906002353915 0.0038693364358974554 0.003185902030447417 0.001819359496649273
0.020255019392306676 0.00029199558024555546 0.6754430388896686 0.03174659536462516 0.057887870594448096 0.0038664948070833236 0.0031844788219282014 0.0018206494354552941
0.022739657523579287 0.00031289638714717376 0.7074364353162165 0.03169463812516109 0.05722085164276655 0.0038627695003704164 0.003183050899398296 0.0018220787763399888
0.025529080682395178 0.0003360399229083946 0.7413219114342928 0.031596218786222915 0.05657611918676596 0.003862440762790307 0.0031811256610584705 0.001826775055802623
0.028660676169482518 0.00036175296216191884 0.7773215673958074 0.03153591235065542 0.05624081883047001 0.00386478496369773 0.0031798371084318195 0.0018322219924326582
0.03217641750250737 0.00038932917202145594 0.8161432160906053 0.03150794156525463 0.056776350782982855 0.003869285319083069 0.0031792309298917625 0.0018414355970502818
0.036123426997094324 0.00042136946441487954 0.856940243455147 0.03146804547318429 0.05724943867179803 0.0038746056547637755 0.0031783312603205736 0.0018511538820038627
0.040554607358408296 0.000455773519184775 0.9001548193489324 0.03143403030447851 0.05783166907509962 0.003869124547060457 0.003176948402212371 0.00185595388067603
0.0455293507486695 0.0004929364798311703 0.9456552999144939 0.0314079512776444 0.058446035959212085 0.0038643460955772803 0.0031756204489865967 0.001860232620319357
0.051114334834401684 0.0005349498229746967 0.9930998090895032 0.031358912781372525 0.05925785931457021 0.003861833195073178 0.0031742340323980454 0.0018682620548621683
0.057384416483023955 0.0005822100404573138 1.0427890861343718 0.03133896693437134 0.059900828908091334 0.003856721821706184 0.0031727777465790545 0.0018745274655400021
0.06442363508721373 0.0006336583269491088 1.094174667429464 0.031253077003939325 0.060608341072256086 0.0038556061752741707 0.003171095251350411 0.0018824797873595981
0.07232633896483537 0.0006905863147057935 1.1488465736170888 0.031215846116678953 0.06119073343209625 0.003849251582921754 0.0031693793032129274 0.0018885141249629543
0.08119844993184012 0.0007548715302092349 1.205585695471037 0.03113914534086481 0.06176777433102738 0.0038449161213410022 0.003167617023682536 0.001895674153035542
0.09115888299750823 0.0008256440153140983 1.264618935144035 0.031055706550008756 0.06235328053538547 0.0038419569698866954 0.0031657012653457514 0.001903144718543026
0.10234114021054538 0.0009035928520613802 1.3267238309838656 0.030982138291046783 0.06283933740913261 0.0038379132275549307 0.0031636033431595317 0.001910522733784132
0.11489510001873098 0.0009894475727500079 1.3913840816089176 0.03087532154462141 0.06339305870154183 0.0038345428473487825 0.0031614500908506865 0.0019185812502142544
0.12898902612533095 0.0010857551952877288 1.4587302851978334 0.030779466670832114 0.06388416299099763 0.003830817481128531 0.0031592675496216233 0.001927047120848466
0.14481182276745344 0.0011926420672449048 1.5289399634974843 0.030681952357583232 0.0643379033169888 0.0038281456041848842 0.003156955256768823 0.001935160746991222
0.1625755666443795 0.0013117807671298842 1.602183876875156 0.03056494378515934 0.06482902709363593 0.0038246352493769504 0.0031545300775463405 0.0019435279454471273
0.18251834943190443 0.0014427610817387036 1.6777811970460121 0.030454177545629527 0.06525728747778187 0.0038206595020976774 0.0031521813676769774 0.0019518436150737246
0.20490746898158482 0.0015864227901517115 1.7562040429232681 0.030337039821076866 0.06570025906798985 0.0038177566939524947 0.0031496758386630815 0.00196072902808773
0.23004301197729193 0.0017465231661311167 1.8373242934703509 0.03021517027114965 0.06603005073727686 0.003813870174266626 0.0031470043266304116 0.001970007793842024
0.2582618760682677 0.0019231826086799383 1.9209489752591171 0.030088195532445842 0.06639378246123445 0.003811342937420987 0.0031443494540516763 0.001978933271562107
0.2899422853882878 0.0021211314185492136 2.006923551172395 0.02995212842952519 0.06675070208648808 0.003806290643970792 0.0031415803525319504 0.0019872085524800273
0.325508859983506 0.002336969394645767 2.0954208120217896 0.029815611938567802 0.06707641868749877 0.00380377562860314 0.003138809316089732 0.001996885157232777
0.36543830709572583 0.0025761433624856404 2.1859428116423403 0.029669748789816184 0.06733764630240281 0.003799126499894012 0.003135928629148146 0.0020050535764649722
0.41026581058271944 0.0028359441065582054 2.279209647112026 0.02953218014611459 0.06752649792825156 0.003794229427800951 0.0031329031241290727 0.002012974554930519
0.46059220411451085 0.003120449330119871 2.3750355327755948 0.029393806203355785 0.0676915901085007 0.0037894217120726034 0.003129865144411461 0.002021106874675402
0.517092024289676 0.0034291891756647835 2.473036064914442 0.029252485445528557 0.0677542819925392 0.0037840332371102793 0.003126692138120408 0.0020285548386210473
0.5805225516094902 0.0037679374019701484 2.574531722687438 0.029108987323169213 0.06784370101446548 0.0037784674101818084 0.0031234662532284413 0.002035544157565595
0.6517339604882427 0.004135515082302842 2.6786691103470144 0.028963359892449667 0.06785361180508538 0.0037736804336994043 0.0031201529408177208 0.00204223025795886
0.73168071434272 0.0045335725871864675 2.786170659982119 0.02881664702086669 0.06777222615753595 0.0037681775589337007 0.0031166839047161886 0.0020483090473963623
0.821434358491943 0.004961864677018034 2.897071944977233 0.028665224607557525 0.06766735267982694 0.0037629524887141733 0.0031131123002181814 0.0020543444018625307
0.9221978823334331 0.0054215109514857 3.0127972408048485 0.02851133167573583 0.06752105184619168 0.0037577752150333064 0.0031095023369980507 0.0020601009366002726
1.0353218432956626 0.005912851827269939 3.1324324820411262 0.028357732392064898 0.06729628050181784 0.00375299403857886 0.0031058104273396993 0.002065628088555345
1.162322468679853 0.006438870153979151 3.257156788311398 0.028198571199637014 0.06703873446395084 0.003747804102366536 0.0031019266360912605 0.0020707491190132426
1.3049019780144029 0.006998775961870204 3.3872573050513557 0.02803769559924947 0.06674879743353465 0.0037435479916488987 0.0030980686325330496 0.002076044487403634
1.4649713983072863 0.007592412526022174 3.5233641603511727 0.027874528385780615 0.06645795842453148 0.003739184354891532 0.0030941859366692697 0.0020808571016091007
1.6446761779946644 0.008216597759477789 3.665503953031437 0.02770629227977311 0.06609827906589479 0.0037357357417264177 0.0030901625387203067 0.0020858387308967715
1.8464249428955444 0.008869581038525164 3.814717854330402 0.027535624218729394 0.0657060253771041 0.003732444274898909 0.0030860874006416986 0.002090421345639484
2.072921779595372 0.009557865495611967 3.9711293558715903 0.027364832271692518 0.06533552342585215 0.003729980592244746 0.003082004931748372 0.002095366513412295
2.3272024789604098 0.010271593323566084 4.136016744180909 0.02718831946574531 0.06488144480273929 0.0037279816540409945 0.003077825106994941 0.0021002570114366194
2.612675225563329 0.01101226324410099 4.30947459735477 0.027008628909752242 0.06448813616083031 0.003726832715629161 0.0030736343487743085 0.0021059073235355167
2.933166278390045 0.011776813093377048 4.491552133363482 0.02682712149821198 0.06406378794183015 0.003726768941877176 0.003069452012156834 0.0021116677285653238
3.2929712550971515 0.01256110520657903 4.683581567334082 0.02664366715283858 0.06364737033257016 0.003727310913830163 0.0030652565656805516 0.002117761907132207
3.6969127071950285 0.013364381974170149 4.885959201388889 0.02645777875052938 0.0632112543902653 0.003728648089502042 0.003061056469469333 0.002124291190314629
4.150404757850477 0.014178431517904945 5.098791512028027 0.02626959834057932 0.06282399020291911 0.0037310576729947314 0.003056878986002594 0.002131590293767959
4.659525668664682 0.015041184241072345 5.321722034446732 0.02607943250818271 0.06249111737516051 0.003734331555050148 0.0030528008006318686 0.0021400679355291375
5.2310993080562636 0.01603269036202453 5.557014551625914 0.025890770306542146 0.06215964024068286 0.003738339043943035 0.003048715740967145 0.0021489283056306285
5.872786613189483 0.017139991293013773 5.804076742348636 0.025699846505051537 0.061852193992414276 0.0037432135840502296 0.0030447038375555784 0.002158753613355753
6.593188271333548 0.018399319097806198 6.063453090563664 0.02551013794336426 0.06155695307569885 0.0037488086458428104 0.003040772593186765 0.0021693177771963234
7.401959996915645 0.019822995656145787 6.335228468843563 0.025323010855269484 0.061278397455378816 0.003754672276973291 0.0030369375151842043 0.0021804707916293323
8.309941949353396 0.02144280378412423 6.620344191174942 0.025136438260030973 0.06101954732974825 0.003761242812645672 0.0030331686387202496 0.0021922779767436554
9.329304026284687 0.023263570632604622 6.9196558055763475 0.024953410485590324 0.06076236839350483 0.003767981498681114 0.0030294686960288517 0.002204380255583003
10.473708979594509 0.025280830468325636 7.231819076690369 0.024774282918088652 0.06050625515959538 0.0037750055070101354 0.003025867707083655 0.0022169671353026066
11.758495540521581 0.027504162120565286 7.5582609195671155 0.024601016605042037 0.060252182932226644 0.0037818188664037293 0.0030223804036881496 0.0022296571076733836
13.200884008314194 0.029949587738204622 7.8986947979041915 0.024432012280791865 0.06000130298631078 0.003788803225825186 0.003019012154200299 0.002242505954144001
14.8202070579886 0.03261493169222367 8.253421298678685 0.024268951500325712 0.05973361862783415 0.003795576721263078 0.003015744666681296 0.0022552766828523364
16.638168860761308 0.03554310928720359 8.622103611786843 0.024111853191354074 0.059453034233423616 0.0038021216316903458 0.0030125701964780764 0.0022678425711577135
18.679135990207847 0.03864014251820659 9.004823848396956 0.023960986234312122 0.05915953033836199 0.0038080037695725493 0.003009515387591616 0.002280064660656741
20.97046401323235 0.04199590400624735 9.40138960360529 0.023817110080313113 0.05884926740207025 0.0038137410980976835 0.003006588124272161 0.0022918334412053445
23.542864143224204 0.04555979523750757 9.81136668719852 0.023680222191428894 0.058517282611915356 0.003818705420894961 0.0030037643059791235 0.002303237113215342
26.430814869741084 0.049410324452007444 10.234051265957667 0.02355002259479903 0.058153874094412555 0.0038232652405250987 0.003001025008221716 0.0023138288882046196
29.673024081888727 0.05340051238566974 10.668882774814954 0.023426491680048442 0.05779314703510445 0.003826977780407994 0.00299843533618189 0.0023241332712131664
33.31294787934677 0.05767509323394227 11.114862722471724 0.023309542702449164 0.05738927747073643 0.003830219136122429 0.00299591158878153 0.002333269141395479
37.39937302478802 0.06206963876050389 11.57038998175524 0.02319994132138627 0.05698571950497131 0.0038327001945956305 0.002993541078080558 0.0023422233966229338
41.987070844439145 0.06672226264329252 12.033970308081754 0.02309653848036669 0.056562868015540654 0.00383461495306105 0.002991259575672855 0.0023500273427611946
47.13753134116729 0.07153146011545432 12.503380933445609 0.02299936606791593 0.056126339911086245 0.0038358015462427167 0.002989084456720557 0.0023571447679368897
52.919787359584475 0.07650046878390843 12.976690824081004 0.02290795457275462 0.05569663953275867 0.0038366035532986 0.002987026655215025 0.0023638544735831014
59.411339849650396 0.08157114497201885 13.451937108855207 0.022823080454368403 0.05526375386215625 0.003836862565279232 0.002985083371772732 0.0023699288305673587
66.69919663030129 0.08678781772088148 13.924651998087159 0.02274393535677979 0.05482236266248525 0.003836499028672361 0.002983235692708292 0.0023749548240140942
74.8810385759003 0.09205056315489951 14.394013405480706 0.022669858059300538 0.054386692478283684 0.0038360078287008378 0.002981480613938123 0.002379694432214026
84.06652885618334 0.0973318801747904 14.855423917789421 0.022601813822126192 0.05397376594448164 0.0038349529739854847 0.00297988208491675 0.0023837840215774403
94.37878277775391 0.10262522567373392 15.307939134751331 0.022538195621704487 0.05356510839856972 0.003833828838081049 0.002978329083560581 0.0023875468910317336
105.9560179277617 0.10788037724599629 15.747759364084331 0.022480270600114254 0.05317760303116321 0.0038323663471699137 0.0029769065485293453 0.0023907810714306034
118.95340673703207 0.11304585043779629 16.1734114778256 0.022426668227608047 0.05281071303350844 0.0038307275213994175 0.002975601907686402 0.002393610019427916
133.54515629299001 0.11809008706829505 16.5823762630988 0.022378009914240216 0.05243986580677403 0.003828997432717014 0.0029743506067164732 0.0023958960698099055
149.9268432786047 0.12309318816590452 16.97268971172239 0.0223319477643365 0.05211693322602051 0.0038274768339011003 0.002973193887535648 0.0023982305212351825
168.31803533309585 0.12781988614730175 17.343745776675814 0.022291248348792415 0.0518042024763956 0.0038256157012174457 0.0029721647857233174 0.0024000902482700904
188.96523396912116 0.13236617661283878 17.694847609468564 0.022253931746186683 0.051500517458229256 0.003823870933701799 0.002971165601688353 0.002401508150999995
212.1451784910632 0.13675231578265995 18.02411258212741 0.022219648435475026 0.051238678505098924 0.00382222224109369 0.002970283645775469 0.002403012889971916
238.16855519761606 0.1408431953536774 18.333594204819526 0.022188966927259243 0.05097757741070065 0.003820550528079887 0.002969461922645712 0.002404126396871249
267.38416158399497 0.1447608691410311 18.621072958250167 0.022160671909565107 0.050751799728113584 0.003819010516960209 0.0029687285059638484 0.0024052675011378625
300.1835813575592 0.14842114223294947 18.888368120529773 0.022135570745332258 0.05053876055388655 0.003817509672312481 0.0029680449575734754 0.002406156299785745
337.00643292719315 0.15178362655385844 19.135360139096807 0.02211214039709105 0.05034720050997106 0.0038160815202455643 0.0029674259170450897 0.002406944133978602
378.34626171319326 0.15491687371107393 19.362933313061376 0.02209195910452509 0.05017031571355179 0.003814807978439776 0.0029668621763321735 0.0024076626628805682
424.75715525369026 0.15785330228621533 19.57133162061294 0.0220734523026999 0.05001123835316738 0.003813642749211945 0.0029663600465882197 0.0024082728554205104
476.86116977144746 0.1605689809549196 19.763610474363773 0.022056218545590194 0.04986436965188426 0.003812484406618222 0.002965894184215421 0.0024087171113340764
535.356667741073 0.1630375342454739 19.938075671573518 0.02204138407800151 0.049730191577507916 0.003811428280341025 0.0029654804874296014 0.0024091391576288347
601.0276782070388 0.16520543456950032 20.096921391591817 0.022029040264762732 0.04961218458493442 0.0038104844672404202 0.002965111288997005 0.0024095503161913213
674.75440531107 0.16740034741714488 20.24182331950682 0.022015522570945703 0.0495056925106362 0.003809567953574737 0.0029647715645352434 0.0024098659250135187
757.525025877192 0.16925068117346037 20.373554323644377 0.022004651260633265 0.04940759579203129 0.00380880840658558 0.0029644642391643394 0.0024101998880130754
850.4489341802686 0.1708958766021018 20.492814826077012 0.02199573806850092 0.04932224316962558 0.0038079957827426517 0.0029642023617592107 0.002410346363739485
954.7716114208066 0.17241342561053025 20.598861196877078 0.021988014649370703 0.04924222638162946 0.0038074592052348604 0.0029639567577154206 0.002410706368231654
1071.8913192051286 0.17386247757983384 20.696688978813206 0.02198051188694479 0.04917131652571138 0.003806723425270312 0.0029637465086025236 0.0024107358760530524
1203.3778407775906 0.17514494428298352 20.78715810566367 0.02197303951497517 0.0491069314114976 0.003806094900352645 0.0029635433466793345 0.00241091371882805
1350.9935211980278 0.17633212477226537 20.86307300763057 0.02196674211082748 0.049051777225122085 0.0038057172602437056 0.002963371940696268 0.0024110866168833424
1516.716888470924 0.17731599179570545 20.936809648931305 0.021961167062234693 0.04900028183666312 0.0038051302160808484 0.0029632105615897365 0.0024111089517172032
1702.7691722259012 0.17823762316269154 20.999504571585994 0.021956551480907652 0.048955558085358564 0.003804764497372918 0.0029630643176166973 0.0024112561453777616
1911.6440753857037 0.17910432593471912 21.05727022517465 0.021951643730405382 0.04891785028267538 0.0038043498696671333 0.002962951619247931 0.0024113050862019456
2146.141197858406 0.1799268969994581 21.114094402341152 0.021946896585046585 0.0488829407368449 0.003804004811515142 0.002962822776791032 0.0024115296641087666
2409.403560239527 0.18051050253415696 21.16203790335995 0.02194272593501985 0.04884952516361324 0.003803620707430531 0.0029627229227183476 0.0024114691759464925
2704.959730463137 0.1811344352311003 21.20048379802894 0.021940378974288695 0.04882174248364091 0.0038034035990296955 0.0029626490032090944 0.0024114474486324347
3036.7711180354604 0.18165169599765313 21.236896974280604 0.02193798801380597 0.04879509702438993 0.0038031705020546637 0.0029625560452667104 0.0024116572049746165
3409.2850697468143 0.18214629446754277 21.27002732815619 0.021935188536724298 0.048774343730542576 0.0038030156869948034 0.002962492250801069 0.0024117584561556098
3827.494478516315 0.18257109387588755 21.29964939911843 0.02193305672441467 0.04875028569853017 0.0038027835660040996 0.0029624314471492753 0.0024116767811405565
4297.004704320844 0.1830303803810023 21.336210066845474 0.021930294951307727 0.04872064014774586 0.003802567244374472 0.0029623371387984773 0.0024118100531870944
4824.108704165374 0.18336063722571133 21.353945429453592 0.021928756211123137 0.04871385189517147 0.0038025069421358535 0.0029622967751761794 0.002411879278371355
5415.871378079476 0.1836528207013707 21.372613172093313 0.021927260973118312 0.04869718677352723 0.0038023092561241495 0.002962256304575863 0.0024118295762073044
6080.224261649427 0.18388330912637615 21.386169068113773 0.021926478047477372 0.04868842711894627 0.003802228457689221 0.00296223227415959 0.0024118834570922587
6826.071834272393 0.18422939582261258 21.41214056262475 0.02192438001496816 0.04867162747232584 0.003802100217191864 0.0029621710513612403 0.0024118861420987223
7663.410868007462 0.18438207254517658 21.416350242223885 0.021924131401109517 0.04866478845631028 0.003802070377561758 0.00296216101954915 0.002411861421315132
8603.46441668451 0.18472718716619496 21.44555875228709 0.021922293036644645 0.04864898738695405 0.0038016945568510826 0.002962114926412278 0.0024118018889830715
9658.832241158709 0.1847766817845429 21.450843430326845 0.021921981776053933 0.04864581684570277 0.0038016671253125944 0.002962104536569394 0.0024118733307113035
10843.65968689611 0.1850299974798125 21.46401955204175 0.02192097938342486 0.048641867825763116 0.003801630317922817 0.002962072972211862 0.0024120010234071083
12173.82727739662 0.18511645887505587 21.475262365893215 0.021919924430713292 0.04862983827082364 0.0038015170795937603 0.002962050194284662 0.0024120305036785385
13667.163564620074 0.18536324922989308 21.486682234489354 0.021919252330105863 0.04861810562371596 0.0038015421299462766 0.0029620340305842635 0.002411926015624277
15343.684089300132 0.18538249276593297 21.490245745488192 0.021919311039433995 0.04861549765618626 0.0038015148064035127 0.0029620288569763512 0.0024119804520447673
17225.859653987874 0.185490984482045 21.494938508399866 0.021918977887811664 0.04860304510710399 0.003801400504100276 0.0029620095655284997 0.002411747004556781
19338.917504552322 0.18564436932206552 21.506228103688457 0.02191782024110464 0.048600863344936296 0.0038014094001300345 0.0029619714570660806 0.0024119422851559356
21711.179456945054 0.18564436932206552 21.506228103688457 0.02191782024110464 0.048600863344936296 0.0038014094001300345 0.002961971460559447 0.002411942199599388
24374.441501222216 0.1856648793477498 21.507944072791915 0.021918162627968852 0.04859705315623521 0.003801357727093881 0.002961969911277266 0.0024118828615927574
27364.39997074672 0.18578456896428497 21.51539694049401 0.02191669143351769 0.04858700552025729 0.003801359789446848 0.002961949125173886 0.0024119667289032483
30721.12998861759 0.18600565643209024 21.523621701908684 0.021915707325856883 0.048580909915412106 0.00380144073870882 0.002961924250520345 0.0024120327111745825
34489.6226040576 0.18600565643209024 21.525973118866435 0.021915436121981637 0.04857857621130433 0.0038014816137584766 0.0029619122029641313 0.0024120937179590834
38720.38781812557 0.18600565643209024 21.525973118866435 0.02191543579675838 0.048578576077019875 0.0038014816137584766 0.0029619122029641313 0.0024120937179590834
43470.131581250265 0.18601081883677306 21.52635289317199 0.021915435692141973 0.0485787493176762 0.0038014940714783648 0.0029619106000606005 0.002412121959454624
48802.515836544335 0.18606023223734822 21.527443160553894 0.021915435692141973 0.04857748077338196 0.003801497157910423 0.0029619065467701346 0.0024121076106463093
54789.01179593945 0.18610648068284005 21.529143210973885 0.021915246920815763 0.04857589466033982 0.003801497223742493 0.0029618985392886195 0.0024121527146509537
61509.857885805046 0.18610948827848858 21.52979360289837 0.021915146384256304 0.04857570540737039 0.003801510157922533 0.002961897076246371 0.002412181790602432
69055.13520162331 0.18613049068692042 21.530305924609117 0.021915097202423493 0.048574079810223394 0.003801511109006306 0.00296189471213859 0.0024121808889976263
77525.97488629464 0.18614788144251862 21.531278588656022 0.02191489806047362 0.048574079810223394 0.0038015350726869394 0.0029618869422216375 0.0024121681185042235
87035.91361485166 0.18614788144251862 21.531278588656022 0.02191489806047362 0.048574079810223394 0.003801535011338963 0.0029618869422216375 0.0024121681760048146
97712.41535346501 0.18618953854579254 21.532804508171157 0.021914727761141072 0.048574076516897706 0.003801562455682079 0.0029618799387642124 0.0024122097400282095
109698.57978923863 0.18618953854579254 21.53357087907518 0.021914546962026372 0.048573168112485986 0.003801567409625817 0.002961875985679208 0.002412213729131878
123155.06032928261 0.18618953854579254 21.53357087907518 0.021914546962026372 0.048573168112485986 0.003801567409625817 0.002961875985679208 0.0024122137382423356
138262.2173764659 0.1862308860063077 21.534661146457086 0.021914511721764292 0.0485706949805471 0.003801567391318385 0.002961870811400454 0.0024122137501988643
155222.5357427048 0.1862308860063077 21.534661146457086 0.021914511721764292 0.0485706942424757 0.003801567391318385 0.002961870811400454 0.0024122137501988643
174263.33860096542 0.1862308860063077 21.534661146457086 0.021914511721764292 0.0485706942424757 0.0038015673299569615 0.0029618707983369353 0.0024122137501988643
195639.8343517065 0.1862308860063077 21.534661146457086 0.021914511721764292 0.04857069316560523 0.003801566796582262 0.0029618707873761045 0.002412213739333452
219638.53724165514 0.1862308860063077 21.534661146457086 0.021914511721764292 0.04857069316560523 0.003801566796582262 0.0029618707873761045 0.002412213739333452
246581.1075822604 0.1862308860063077 21.53513123492598 0.021914702180675424 0.04857028980869149 0.0038015430001543736 0.0029618747575475045 0.0024121960654859323
276828.6630392072 0.18623096722408047 21.535132859281436 0.02191470141771146 0.04857028255955831 0.0038015430001543736 0.0029618745668748277 0.0024121960654859323
310786.6187782014 0.18621578711473538 21.534878810088156 0.02191468201964137 0.04857018101580623 0.003801542947470811 0.0029618734466810765 0.002412201392483532
348910.1213406781 0.18621578711473538 21.534878810088156 0.021914681892107813 0.04857018101580623 0.0038015427909792046 0.0029618734469817973 0.0024122014661017216
391710.1490809261 0.18619966284878162 21.53414817500416 0.021914413466337983 0.04857121423902771 0.0038015423733824836 0.002961869467782029 0.0024122022290695593
439760.360930273 0.18619966284878162 21.53414817500416 0.02191441357095964 0.04857121423902771 0.0038015423733824836 0.0029618694642885536 0.0024122022165344276
493704.7852839004 0.18619966284878162 21.53414817500416 0.021914413551337792 0.04857121531589817 0.0038015430870022605 0.0029618693945116423 0.0024122018675869837
554266.4520663118 0.18619965269656 21.53414817500416 0.02191441295125391 0.048571214636205576 0.0038015434308258395 0.0029618693534577928 0.002412201935700291
622257.0836730232 0.18622523629498816 21.53484827220559 0.021913946151651407 0.04857492627782632 0.003801543442937133 0.002961871036673809 0.002412269412965381
698587.9746785263 0.18622524644720975 21.53484827220559 0.021913946151651407 0.04857492627782632 0.003801543436623606 0.002961871036673809 0.002412269407261402
784282.2061337682 0.18622524644720975 21.53484827220559 0.021913946151651407 0.04857492627782632 0.003801543436623606 0.0029618710341513406 0.0024122695070397716
880488.3581643483 0.18622524644720975 21.53484827220559 0.021913946151651407 0.04857492627782632 0.003801543436623606 0.0029618710347540777 0.0024122694577442118
988495.9046625586 0.1862228327565247 21.534442833083833 0.021914027902563967 0.04857492627782632 0.0038015338740214366 0.002961870207372621 0.0024122372561093666
1109752.4964120744 0.18623431491915257 21.53480051615519 0.02191401893516344 0.0485733733998809 0.0038015408021839776 0.0029618701987118036 0.0024122372561093666
1245883.3642950081 0.18623431491915257 21.53480051615519 0.021914019113296292 0.048573378042494446 0.0038015404456632046 0.0029618701594793565 0.0024122367980531317
1398713.1026472414 0.18623431491915257 21.53480051615519 0.021914018936217517 0.04857337709996937 0.0038015403526595114 0.002961870162381055 0.0024122367378910593
1570290.1247293775 0.18623431491915257 21.53480051615519 0.021914018936217517 0.04857337696562002 0.003801540364768418 0.0029618701588871167 0.002412236749847587
1762914.1180959516 0.18623431491915257 21.53480051615519 0.02191401923037064 0.04857337709996937 0.003801540457788785 0.0029618700950667268 0.0024122366740490114
1979166.8678535575 0.18623431491915257 21.53480051615519 0.021914019102837995 0.04857337696562002 0.003801540389510093 0.0029618700841059016 0.002412236787186611
2221946.8609395283 0.18623431491915257 21.53480051615519 0.021914019102837995 0.04857337696562002 0.003801540377142116 0.002961870080981804 0.0024122368136592727
2494508.135230317 0.18623875905415732 21.534810912030107 0.021913957755943746 0.04857354529433776 0.0038015401430690813 0.00296187100089496 0.0024122333388468366
2800503.8941836366 0.18623875905415732 21.534810912030107 0.02191395757886497 0.04857354529433776 0.0038015401430690813 0.00296187100089496 0.002412233350803365
3144035.4715915 0.18623875905415732 21.534810912030107 0.02191395757886497 0.04857354529433776 0.0038015400220874295 0.0029618710822252215 0.002412233350803365
3529707.302730657 0.18623875905415732 21.534810912030107 0.021913957345716474 0.04857354529433776 0.003801539960739319 0.0029618710822252215 0.002412233350803365
3962688.638701478 0.18623875905415732 21.534810912030107 0.021913957345716474 0.04857354529433776 0.0038015397889763214 0.002961871082525942 0.002412233362760498
4448782.831127594 0.1862387666683235 21.534810912030107 0.021913957345716474 0.048573544422006766 0.003801539743354274 0.0029618710469237076 0.002412233583611001
4994505.11585514 0.1862387362116587 21.53480928767465 0.02191395724167822 0.048573546032272756 0.003801539718615562 0.002961871102568485 0.0024122335114913334
5607169.938205469 0.1862474848886212 21.535158199226547 0.02191395724167822 0.048571824427891326 0.0038015155527888612 0.002961875664828026 0.0024121710019333314
6294988.990221888 0.1862474848886212 21.535158199226547 0.021913956816726705 0.048571823485369446 0.00380151555884476 0.002961875661334097 0.0024121710019333314
7067181.273927506 0.1862474848886212 21.535158199226547 0.021913956816726705 0.04857182274730552 0.00380151555884476 0.002961875661334097 0.0024121710064879177
7934096.665797492 0.1862474848886212 21.535158199226547 0.021913956816726705 0.04857182274730552 0.0038015155649031803 0.0029618756459704946 0.0024121710064879177
8907354.638610458 0.18625504067954585 21.53575433767881 0.02191382378472466 0.048571441983424654 0.0038015320162522828 0.002961873186746469 0.0024121902217920824
10000000.0 0.18625504067954585 21.53575433767881 0.02191382378472466 0.048571441983424654 0.0038015319266359792 0.0029618731560194476 0.0024121902217920824
