0.000000000000000000e+00,2.761816237857955499e-04,0.000000000000000000e+00,0.000000000000000000e+00,0.000000000000000000e+00,0.000000000000000000e+00,0.000000000000000000e+00
0.000000000000000000e+00,2.761816237857955499e-04,0.000000000000000000e+00,0.000000000000000000e+00,0.000000000000000000e+00,0.000000000000000000e+00,0.000000000000000000e+00
0.000000000000000000e+00,2.761816237857955499e-04,0.000000000000000000e+00,0.000000000000000000e+00,0.000000000000000000e+00,0.000000000000000000e+00,0.000000000000000000e+00
0.000000000000000000e+00,2.761816237857955499e-04,0.000000000000000000e+00,0.000000000000000000e+00,0.000000000000000000e+00,0.000000000000000000e+00,0.000000000000000000e+00
0.000000000000000000e+00,2.761816237857955499e-04,0.000000000000000000e+00,0.000000000000000000e+00,0.000000000000000000e+00,0.000000000000000000e+00,0.000000000000000000e+00
0.000000000000000000e+00,2.761816237857955499e-04,0.000000000000000000e+00,0.000000000000000000e+00,0.000000000000000000e+00,0.000000000000000000e+00,0.000000000000000000e+00
0.000000000000000000e+00,2.761816237857955499e-04,0.000000000000000000e+00,0.000000000000000000e+00,0.000000000000000000e+00,0.000000000000000000e+00,0.000000000000000000e+00
0.000000000000000000e+00,2.761816237857955499e-04,0.000000000000000000e+00,0.000000000000000000e+00,0.000000000000000000e+00,0.000000000000000000e+00,0.000000000000000000e+00
0.000000000000000000e+00,2.761816237857955499e-04,0.000000000000000000e+00,0.000000000000000000e+00,0.000000000000000000e+00,0.000000000000000000e+00,0.000000000000000000e+00
0.000000000000000000e+00,2.761816237857955499e-04,0.000000000000000000e+00,0.000000000000000000e+00,0.000000000000000000e+00,0.000000000000000000e+00,0.000000000000000000e+00
0.000000000000000000e+00,2.761816237857955499e-04,0.000000000000000000e+00,0.000000000000000000e+00,0.000000000000000000e+00,0.000000000000000000e+00,0.000000000000000000e+00
0.000000000000000000e+00,2.761816237857955499e-04,0.000000000000000000e+00,0.000000000000000000e+00,0.000000000000000000e+00,0.000000000000000000e+00,0.000000000000000000e+00
0.000000000000000000e+00,2.761816237857955499e-04,0.000000000000000000e+00,0.000000000000000000e+00,0.000000000000000000e+00,0.000000000000000000e+00,0.000000000000000000e+00
0.000000000000000000e+00,2.761816237857955499e-04,0.000000000000000000e+00,0.000000000000000000e+00,0.000000000000000000e+00,0.000000000000000000e+00,0.000000000000000000e+00
0.000000000000000000e+00,2.761816237857955499e-04,0.000000000000000000e+00,0.000000000000000000e+00,0.000000000000000000e+00,0.000000000000000000e+00,0.000000000000000000e+00
0.000000000000000000e+00,2.761816237857955499e-04,0.000000000000000000e+00,0.000000000000000000e+00,0.000000000000000000e+00,0.000000000000000000e+00,0.000000000000000000e+00
0.000000000000000000e+00,2.761816237857955499e-04,0.000000000000000000e+00,0.000000000000000000e+00,0.000000000000000000e+00,0.000000000000000000e+00,0.000000000000000000e+00
0.000000000000000000e+00,2.761816237857955499e-04,0.000000000000000000e+00,0.000000000000000000e+00,0.000000000000000000e+00,0.000000000000000000e+00,0.000000000000000000e+00
0.000000000000000000e+00,2.761816237857955499e-04,0.000000000000000000e+00,0.000000000000000000e+00,0.000000000000000000e+00,0.000000000000000000e+00,0.000000000000000000e+00
0.000000000000000000e+00,2.761816237857955499e-04,0.000000000000000000e+00,0.000000000000000000e+00,0.000000000000000000e+00,0.000000000000000000e+00,0.000000000000000000e+00
0.000000000000000000e+00,2.761816237857955499e-04,0.000000000000000000e+00,0.000000000000000000e+00,0.000000000000000000e+00,0.000000000000000000e+00,0.000000000000000000e+00
0.000000000000000000e+00,2.761816237857955499e-04,0.000000000000000000e+00,0.000000000000000000e+00,0.000000000000000000e+00,0.000000000000000000e+00,0.000000000000000000e+00
0.000000000000000000e+00,2.761816237857955499e-04,0.000000000000000000e+00,0.000000000000000000e+00,0.000000000000000000e+00,0.000000000000000000e+00,0.000000000000000000e+00
0.000000000000000000e+00,2.761816237857955499e-04,0.000000000000000000e+00,0.000000000000000000e+00,0.000000000000000000e+00,0.000000000000000000e+00,0.000000000000000000e+00
0.000000000000000000e+00,2.761816237857955499e-04,0.000000000000000000e+00,0.000000000000000000e+00,0.000000000000000000e+00,0.000000000000000000e+00,0.000000000000000000e+00
0.000000000000000000e+00,2.761816237857955499e-04,0.000000000000000000e+00,0.000000000000000000e+00,0.000000000000000000e+00,0.000000000000000000e+00,0.000000000000000000e+00
0.000000000000000000e+00,2.761816237857955499e-04,0.000000000000000000e+00,0.000000000000000000e+00,0.000000000000000000e+00,0.000000000000000000e+00,0.000000000000000000e+00
0.000000000000000000e+00,2.761816237857955499e-04,0.000000000000000000e+00,0.000000000000000000e+00,0.000000000000000000e+00,0.000000000000000000e+00,0.000000000000000000e+00
0.000000000000000000e+00,2.761816237857955499e-04,0.000000000000000000e+00,0.000000000000000000e+00,0.000000000000000000e+00,0.000000000000000000e+00,0.000000000000000000e+00
0.000000000000000000e+00,2.761816237857955499e-04,0.000000000000000000e+00,0.000000000000000000e+00,0.000000000000000000e+00,0.000000000000000000e+00,0.000000000000000000e+00
0.000000000000000000e+00,2.761816237857955499e-04,0.000000000000000000e+00,0.000000000000000000e+00,0.000000000000000000e+00,0.000000000000000000e+00,0.000000000000000000e+00
0.000000000000000000e+00,2.761816237857955499e-04,0.000000000000000000e+00,0.000000000000000000e+00,0.000000000000000000e+00,0.000000000000000000e+00,0.000000000000000000e+00
0.000000000000000000e+00,2.761816237857955499e-04,0.000000000000000000e+00,0.000000000000000000e+00,0.000000000000000000e+00,0.000000000000000000e+00,0.000000000000000000e+00
0.000000000000000000e+00,2.761816237857955499e-04,0.000000000000000000e+00,0.000000000000000000e+00,0.000000000000000000e+00,0.000000000000000000e+00,0.000000000000000000e+00
0.000000000000000000e+00,2.761816237857955499e-04,0.000000000000000000e+00,0.000000000000000000e+00,0.000000000000000000e+00,0.000000000000000000e+00,0.000000000000000000e+00
0.000000000000000000e+00,2.761816237857955499e-04,0.000000000000000000e+00,0.000000000000000000e+00,0.000000000000000000e+00,0.000000000000000000e+00,0.000000000000000000e+00
0.000000000000000000e+00,2.761816237857955499e-04,0.000000000000000000e+00,0.000000000000000000e+00,0.000000000000000000e+00,0.000000000000000000e+00,0.000000000000000000e+00
0.000000000000000000e+00,2.761816237857955499e-04,0.000000000000000000e+00,0.000000000000000000e+00,0.000000000000000000e+00,0.000000000000000000e+00,0.000000000000000000e+00
0.000000000000000000e+00,2.761816237857955499e-04,0.000000000000000000e+00,0.000000000000000000e+00,0.000000000000000000e+00,0.000000000000000000e+00,0.000000000000000000e+00
0.000000000000000000e+00,2.761816237857955499e-04,0.000000000000000000e+00,0.000000000000000000e+00,0.000000000000000000e+00,0.000000000000000000e+00,0.000000000000000000e+00
0.000000000000000000e+00,2.761816237857955499e-04,0.000000000000000000e+00,0.000000000000000000e+00,0.000000000000000000e+00,0.000000000000000000e+00,0.000000000000000000e+00
0.000000000000000000e+00,2.761816237857955499e-04,0.000000000000000000e+00,0.000000000000000000e+00,0.000000000000000000e+00,0.000000000000000000e+00,0.000000000000000000e+00
0.000000000000000000e+00,2.761816237857955499e-04,0.000000000000000000e+00,0.000000000000000000e+00,0.000000000000000000e+00,0.000000000000000000e+00,0.000000000000000000e+00
0.000000000000000000e+00,2.761816237857955499e-04,0.000000000000000000e+00,0.000000000000000000e+00,0.000000000000000000e+00,0.000000000000000000e+00,0.000000000000000000e+00
0.000000000000000000e+00,2.761816237857955499e-04,0.000000000000000000e+00,0.000000000000000000e+00,0.000000000000000000e+00,0.000000000000000000e+00,0.000000000000000000e+00
0.000000000000000000e+00,2.761816237857955499e-04,0.000000000000000000e+00,0.000000000000000000e+00,0.000000000000000000e+00,0.000000000000000000e+00,0.000000000000000000e+00
0.000000000000000000e+00,2.761816237857955499e-04,0.000000000000000000e+00,0.000000000000000000e+00,0.000000000000000000e+00,0.000000000000000000e+00,0.000000000000000000e+00
0.000000000000000000e+00,2.761816237857955499e-04,0.000000000000000000e+00,0.000000000000000000e+00,0.000000000000000000e+00,0.000000000000000000e+00,0.000000000000000000e+00
0.000000000000000000e+00,2.761816237857955499e-04,0.000000000000000000e+00,0.000000000000000000e+00,0.000000000000000000e+00,0.000000000000000000e+00,0.000000000000000000e+00
0.000000000000000000e+00,2.761816237857955499e-04,0.000000000000000000e+00,0.000000000000000000e+00,0.000000000000000000e+00,0.000000000000000000e+00,0.000000000000000000e+00
0.000000000000000000e+00,2.761816237857955499e-04,0.000000000000000000e+00,0.000000000000000000e+00,0.000000000000000000e+00,0.000000000000000000e+00,0.000000000000000000e+00
0.000000000000000000e+00,2.761816237857955499e-04,0.000000000000000000e+00,0.000000000000000000e+00,0.000000000000000000e+00,0.000000000000000000e+00,0.000000000000000000e+00
0.000000000000000000e+00,2.761816237857955499e-04,0.000000000000000000e+00,0.000000000000000000e+00,0.000000000000000000e+00,0.000000000000000000e+00,0.000000000000000000e+00
0.000000000000000000e+00,2.559162899405656639e-04,0.000000000000000000e+00,0.000000000000000000e+00,0.000000000000000000e+00,0.000000000000000000e+00,0.000000000000000000e+00
0.000000000000000000e+00,2.559162899405656639e-04,0.000000000000000000e+00,0.000000000000000000e+00,0.000000000000000000e+00,0.000000000000000000e+00,0.000000000000000000e+00
0.000000000000000000e+00,2.559162899405656639e-04,0.000000000000000000e+00,0.000000000000000000e+00,0.000000000000000000e+00,0.000000000000000000e+00,0.000000000000000000e+00
0.000000000000000000e+00,2.651927981547966815e-04,0.000000000000000000e+00,0.000000000000000000e+00,0.000000000000000000e+00,0.000000000000000000e+00,0.000000000000000000e+00
0.000000000000000000e+00,2.651927981547966815e-04,0.000000000000000000e+00,0.000000000000000000e+00,0.000000000000000000e+00,0.000000000000000000e+00,0.000000000000000000e+00
0.000000000000000000e+00,2.651927981547966815e-04,0.000000000000000000e+00,0.000000000000000000e+00,0.000000000000000000e+00,0.000000000000000000e+00,0.000000000000000000e+00
0.000000000000000000e+00,2.651927981547966815e-04,0.000000000000000000e+00,0.000000000000000000e+00,0.000000000000000000e+00,0.000000000000000000e+00,0.000000000000000000e+00
0.000000000000000000e+00,2.651927981547966815e-04,0.000000000000000000e+00,0.000000000000000000e+00,0.000000000000000000e+00,0.000000000000000000e+00,0.000000000000000000e+00
0.000000000000000000e+00,2.651927981547966815e-04,0.000000000000000000e+00,0.000000000000000000e+00,0.000000000000000000e+00,0.000000000000000000e+00,0.000000000000000000e+00
0.000000000000000000e+00,2.707342232415775813e-04,0.000000000000000000e+00,0.000000000000000000e+00,0.000000000000000000e+00,0.000000000000000000e+00,0.000000000000000000e+00
0.000000000000000000e+00,2.707342232415775813e-04,0.000000000000000000e+00,0.000000000000000000e+00,0.000000000000000000e+00,0.000000000000000000e+00,0.000000000000000000e+00
0.000000000000000000e+00,2.700481006128345246e-04,0.000000000000000000e+00,0.000000000000000000e+00,0.000000000000000000e+00,0.000000000000000000e+00,0.000000000000000000e+00
0.000000000000000000e+00,3.060583850580774943e-04,0.000000000000000000e+00,0.000000000000000000e+00,0.000000000000000000e+00,0.000000000000000000e+00,0.000000000000000000e+00
0.000000000000000000e+00,3.065142312092695304e-04,0.000000000000000000e+00,0.000000000000000000e+00,0.000000000000000000e+00,0.000000000000000000e+00,0.000000000000000000e+00
0.000000000000000000e+00,3.499283851263765917e-04,0.000000000000000000e+00,0.000000000000000000e+00,0.000000000000000000e+00,0.000000000000000000e+00,0.000000000000000000e+00
0.000000000000000000e+00,3.499283851263765917e-04,0.000000000000000000e+00,0.000000000000000000e+00,0.000000000000000000e+00,0.000000000000000000e+00,0.000000000000000000e+00
0.000000000000000000e+00,4.600250346218040412e-04,0.000000000000000000e+00,0.000000000000000000e+00,0.000000000000000000e+00,0.000000000000000000e+00,0.000000000000000000e+00
0.000000000000000000e+00,4.751699234911067773e-04,0.000000000000000000e+00,0.000000000000000000e+00,0.000000000000000000e+00,0.000000000000000000e+00,0.000000000000000000e+00
0.000000000000000000e+00,7.451306470853839630e-04,0.000000000000000000e+00,0.000000000000000000e+00,0.000000000000000000e+00,0.000000000000000000e+00,0.000000000000000000e+00
0.000000000000000000e+00,6.806174527385277714e-04,0.000000000000000000e+00,0.000000000000000000e+00,0.000000000000000000e+00,0.000000000000000000e+00,0.000000000000000000e+00
0.000000000000000000e+00,9.052879260685629337e-04,0.000000000000000000e+00,0.000000000000000000e+00,0.000000000000000000e+00,0.000000000000000000e+00,0.000000000000000000e+00
0.000000000000000000e+00,9.052879260685629337e-04,0.000000000000000000e+00,0.000000000000000000e+00,0.000000000000000000e+00,0.000000000000000000e+00,0.000000000000000000e+00
0.000000000000000000e+00,8.693134891772699019e-04,0.000000000000000000e+00,0.000000000000000000e+00,0.000000000000000000e+00,0.000000000000000000e+00,0.000000000000000000e+00
0.000000000000000000e+00,1.035688344589964305e-03,0.000000000000000000e+00,0.000000000000000000e+00,0.000000000000000000e+00,0.000000000000000000e+00,0.000000000000000000e+00
0.000000000000000000e+00,1.143939302353087946e-03,0.000000000000000000e+00,0.000000000000000000e+00,0.000000000000000000e+00,0.000000000000000000e+00,0.000000000000000000e+00
0.000000000000000000e+00,1.521532228606903726e-03,0.000000000000000000e+00,0.000000000000000000e+00,0.000000000000000000e+00,0.000000000000000000e+00,0.000000000000000000e+00
0.000000000000000000e+00,1.521532228606903726e-03,0.000000000000000000e+00,0.000000000000000000e+00,0.000000000000000000e+00,0.000000000000000000e+00,0.000000000000000000e+00
0.000000000000000000e+00,1.521529016380538399e-03,0.000000000000000000e+00,0.000000000000000000e+00,0.000000000000000000e+00,0.000000000000000000e+00,0.000000000000000000e+00
0.000000000000000000e+00,1.798219666509571265e-03,0.000000000000000000e+00,0.000000000000000000e+00,0.000000000000000000e+00,0.000000000000000000e+00,0.000000000000000000e+00
0.000000000000000000e+00,1.799949985778260360e-03,0.000000000000000000e+00,0.000000000000000000e+00,0.000000000000000000e+00,0.000000000000000000e+00,0.000000000000000000e+00
0.000000000000000000e+00,1.163511665281421418e-03,0.000000000000000000e+00,0.000000000000000000e+00,0.000000000000000000e+00,0.000000000000000000e+00,0.000000000000000000e+00
0.000000000000000000e+00,1.163511665281421418e-03,0.000000000000000000e+00,0.000000000000000000e+00,0.000000000000000000e+00,0.000000000000000000e+00,0.000000000000000000e+00
0.000000000000000000e+00,1.163511665281421418e-03,0.000000000000000000e+00,0.000000000000000000e+00,0.000000000000000000e+00,0.000000000000000000e+00,0.000000000000000000e+00
0.000000000000000000e+00,1.163511665281421418e-03,0.000000000000000000e+00,0.000000000000000000e+00,0.000000000000000000e+00,0.000000000000000000e+00,0.000000000000000000e+00
0.000000000000000000e+00,1.163511665281421418e-03,0.000000000000000000e+00,0.000000000000000000e+00,0.000000000000000000e+00,0.000000000000000000e+00,0.000000000000000000e+00
0.000000000000000000e+00,5.308796545702540622e-03,0.000000000000000000e+00,0.000000000000000000e+00,0.000000000000000000e+00,0.000000000000000000e+00,0.000000000000000000e+00
0.000000000000000000e+00,6.024039434101766816e-03,0.000000000000000000e+00,0.000000000000000000e+00,0.000000000000000000e+00,0.000000000000000000e+00,0.000000000000000000e+00
0.000000000000000000e+00,6.840538121982962967e-03,0.000000000000000000e+00,0.000000000000000000e+00,0.000000000000000000e+00,0.000000000000000000e+00,0.000000000000000000e+00
0.000000000000000000e+00,7.852545755352088874e-03,0.000000000000000000e+00,0.000000000000000000e+00,0.000000000000000000e+00,0.000000000000000000e+00,0.000000000000000000e+00
0.000000000000000000e+00,9.397466739494642757e-03,0.000000000000000000e+00,0.000000000000000000e+00,0.000000000000000000e+00,0.000000000000000000e+00,0.000000000000000000e+00
0.000000000000000000e+00,9.647057441894165905e-03,0.000000000000000000e+00,0.000000000000000000e+00,0.000000000000000000e+00,0.000000000000000000e+00,0.000000000000000000e+00
0.000000000000000000e+00,1.156918517129863766e-02,0.000000000000000000e+00,0.000000000000000000e+00,0.000000000000000000e+00,0.000000000000000000e+00,0.000000000000000000e+00
0.000000000000000000e+00,1.225928774850811032e-02,0.000000000000000000e+00,0.000000000000000000e+00,0.000000000000000000e+00,0.000000000000000000e+00,0.000000000000000000e+00
0.000000000000000000e+00,2.017692463126724914e-02,0.000000000000000000e+00,0.000000000000000000e+00,0.000000000000000000e+00,0.000000000000000000e+00,0.000000000000000000e+00
0.000000000000000000e+00,2.017692463126724914e-02,0.000000000000000000e+00,0.000000000000000000e+00,0.000000000000000000e+00,0.000000000000000000e+00,0.000000000000000000e+00
0.000000000000000000e+00,2.376261014424398132e-02,0.000000000000000000e+00,0.000000000000000000e+00,0.000000000000000000e+00,0.000000000000000000e+00,0.000000000000000000e+00
0.000000000000000000e+00,2.376261014424398132e-02,0.000000000000000000e+00,0.000000000000000000e+00,0.000000000000000000e+00,0.000000000000000000e+00,0.000000000000000000e+00
0.000000000000000000e+00,2.689373564577388076e-02,0.000000000000000000e+00,0.000000000000000000e+00,0.000000000000000000e+00,0.000000000000000000e+00,0.000000000000000000e+00
0.000000000000000000e+00,2.827088989897402413e-02,0.000000000000000000e+00,0.000000000000000000e+00,0.000000000000000000e+00,0.000000000000000000e+00,0.000000000000000000e+00
0.000000000000000000e+00,2.947209980673418800e-02,0.000000000000000000e+00,0.000000000000000000e+00,0.000000000000000000e+00,0.000000000000000000e+00,0.000000000000000000e+00
0.000000000000000000e+00,3.068187565146806087e-02,0.000000000000000000e+00,0.000000000000000000e+00,0.000000000000000000e+00,0.000000000000000000e+00,0.000000000000000000e+00
0.000000000000000000e+00,3.249989869351872090e-02,0.000000000000000000e+00,0.000000000000000000e+00,0.000000000000000000e+00,0.000000000000000000e+00,0.000000000000000000e+00
0.000000000000000000e+00,3.370320725583744736e-02,0.000000000000000000e+00,0.000000000000000000e+00,0.000000000000000000e+00,0.000000000000000000e+00,0.000000000000000000e+00
0.000000000000000000e+00,3.597733503330253352e-02,0.000000000000000000e+00,0.000000000000000000e+00,0.000000000000000000e+00,0.000000000000000000e+00,0.000000000000000000e+00
0.000000000000000000e+00,3.800078352054436087e-02,0.000000000000000000e+00,0.000000000000000000e+00,2.264187849263550080e-03,9.850610689094059253e-05,0.000000000000000000e+00
0.000000000000000000e+00,4.099150617679436087e-02,0.000000000000000000e+00,0.000000000000000000e+00,2.264187849263550080e-03,9.850610689094059253e-05,0.000000000000000000e+00
0.000000000000000000e+00,4.423919266569400349e-02,0.000000000000000000e+00,0.000000000000000000e+00,2.264187849263550080e-03,9.850610689094059253e-05,0.000000000000000000e+00
0.000000000000000000e+00,5.078627534969124002e-02,0.000000000000000000e+00,0.000000000000000000e+00,2.264187849263550080e-03,9.850610689094059253e-05,0.000000000000000000e+00
0.000000000000000000e+00,5.676284949936552526e-02,0.000000000000000000e+00,0.000000000000000000e+00,2.264506620180678845e-03,9.850610689094059253e-05,6.311073688545612397e-03
0.000000000000000000e+00,6.274022313649069149e-02,6.173600004549667508e-03,0.000000000000000000e+00,2.264506620180678845e-03,9.850610689094059253e-05,6.311073688545612397e-03
0.000000000000000000e+00,7.987591749179863421e-02,6.173600004549667508e-03,3.315387244337606072e-03,2.963375421596964668e-02,1.618652305334116262e-02,6.311073688545612397e-03
0.000000000000000000e+00,1.019831560329048925e-01,6.174359447844402111e-03,3.315387244337606072e-03,2.963375421596964668e-02,1.618652305334116262e-02,6.311585204769866626e-03
0.000000000000000000e+00,1.977838070806628989e-01,6.174359447844402111e-03,3.315387244337606072e-03,2.963375421596964668e-02,1.618652305334116262e-02,6.311585204769866626e-03
0.000000000000000000e+00,2.223475336314675310e-01,6.174359447844402111e-03,3.315387244337606072e-03,2.963375421596964668e-02,1.618652305334116262e-02,7.735446968463936812e-02
0.000000000000000000e+00,2.120952720413664949e-01,8.934392365807185266e-02,3.315387244337606072e-03,1.495715473259478789e-01,1.618652305334116262e-02,7.735446968463936812e-02
0.000000000000000000e+00,2.075305870193207280e-01,8.934392365807185266e-02,6.421944952077612845e-02,1.495715473259478789e-01,1.109482226414982980e-01,7.735446968463936812e-02
0.000000000000000000e+00,2.031300481921898271e-01,8.934392365807185266e-02,6.421944952077612845e-02,1.495715473259478789e-01,1.109482226414982980e-01,7.735446968463936812e-02
0.000000000000000000e+00,2.011445096866813220e-01,8.934392365807185266e-02,6.422464751133194483e-02,4.240686428139147646e-01,1.109482226414982980e-01,3.022466794408932844e-01
0.000000000000000000e+00,2.011445096866813220e-01,3.577804720814504735e-01,6.422464751133194483e-02,4.240812612491354217e-01,1.109482226414982980e-01,3.022466794408932844e-01
0.000000000000000000e+00,2.011445096866813220e-01,3.577804720814504735e-01,2.875241501727031079e-01,8.654346734705106181e-01,4.741910413913016376e-01,2.971600773358585856e-01
0.000000000000000000e+00,2.011445096866813220e-01,3.577804720814504735e-01,2.875241501727031079e-01,8.654346734705106181e-01,4.741910413913016376e-01,1.033687090632891437e+00
0.000000000000000000e+00,2.011445096866813220e-01,8.340450372326884132e-01,2.875241501727031079e-01,1.417053959499182669e+00,1.347836097801800026e+00,1.564643012152777679e+00
0.000000000000000000e+00,2.011445096866813220e-01,1.271152721645875783e+00,9.157070441891126400e-01,1.771219479965731924e+00,1.943149040352782020e+00,1.703401569404987326e+00
0.000000000000000000e+00,2.011445096866813220e-01,1.657067697062754474e+00,1.598041699354951106e+00,2.314756949902540217e+00,1.943149040352782020e+00,2.000176693694760033e+00
0.000000000000000000e+00,2.011445096866813220e-01,1.344385958980397255e+00,2.233437595340829862e+00,2.329955072230256441e+00,2.005476568400679671e+00,2.373152422664141614e+00
0.000000000000000000e+00,2.011445096866813220e-01,1.344385958980397255e+00,2.496887121905508877e+00,3.350634569133551288e+00,3.484852463337109629e+00,3.216522648358585812e+00
0.000000000000000000e+00,2.011445096866813220e-01,1.140776531273867134e+00,3.070404435800209164e+00,3.506408568599094444e+00,3.633577867336983847e+00,3.216591451625631315e+00
0.000000000000000000e+00,2.011445096866813220e-01,1.140723949051680286e+00,3.264680444778591539e+00,1.805327693701270109e+00,1.867204218592648512e+00,3.658978209832702166e+00
0.000000000000000000e+00,2.011445096866813220e-01,1.140723949051680286e+00,4.335220741261331945e+00,1.805327693701270109e+00,1.867204218592648512e+00,2.340221798058712110e+00
0.000000000000000000e+00,2.011445096866813220e-01,1.802909835535737026e-01,5.014892578125000000e+00,8.108164981097523150e-01,8.574249482707074765e-01,2.272654030539772663e+00
0.000000000000000000e+00,2.011445096866813220e-01,1.408704924729108354e-01,2.718236521530683625e+00,7.090411119058098732e-01,7.583857264523540254e-01,2.203974806660353725e+00
0.000000000000000000e+00,2.011445096866813220e-01,1.070167090887935990e-01,2.718236521530683625e+00,5.770123057682029488e-01,6.248179394432905598e-01,2.152755089962121282e+00
0.000000000000000000e+00,2.011445096866813220e-01,1.008712551015943232e-01,1.183712159905639716e+00,5.562807386310048008e-01,6.055707825874874217e-01,2.140011442550505016e+00
0.000000000000000000e+00,2.011445096866813220e-01,9.650425027198558658e-02,9.873714260808925669e-01,5.398943956709003622e-01,5.805353662158547756e-01,2.130041873816288067e+00
0.000000000000000000e+00,2.011445096866813220e-01,9.089266744019300348e-02,8.575576505567904517e-01,5.329435720769931661e-01,5.724395106566276814e-01,2.123146997316919027e+00
0.000000000000000000e+00,2.011445096866813220e-01,8.975156018787391887e-02,8.420559977554045172e-01,5.045524919536751307e-01,5.499514669089878849e-01,2.123146997316919027e+00
0.000000000000000000e+00,2.011445096866813220e-01,8.183492905253547667e-02,8.105295944745902759e-01,4.889762156925930858e-01,5.379487466956193176e-01,2.123146997316919027e+00
0.000000000000000000e+00,2.011445096866813220e-01,8.183492905253547667e-02,7.838591039596408683e-01,4.889762156925930858e-01,5.280624650876447612e-01,2.123146997316919027e+00
0.000000000000000000e+00,2.011445096866813220e-01,8.183492905253547667e-02,7.550350173247908359e-01,4.672479149801150866e-01,5.221691611790344467e-01,2.123146997316919027e+00
0.000000000000000000e+00,2.011445096866813220e-01,7.579923890030311473e-02,7.550350173247908359e-01,4.672479149801150866e-01,5.059178593415628589e-01,2.123146997316919027e+00
0.000000000000000000e+00,2.011445096866813220e-01,7.579923890030311473e-02,7.550350173247908359e-01,4.672479149801150866e-01,5.059178593415628589e-01,2.123146997316919027e+00
0.000000000000000000e+00,2.011445096866813220e-01,7.358562679251924588e-02,7.545816376285738869e-01,4.519893715319259209e-01,4.897806065800446862e-01,1.953749778053977204e+00
0.000000000000000000e+00,2.011445096866813220e-01,7.358562679251924588e-02,7.545816376285738869e-01,4.519893715319259209e-01,4.897806065800446862e-01,1.953749778053977204e+00
0.000000000000000000e+00,2.011445096866813220e-01,7.358562679251924588e-02,7.545816376285738869e-01,1.498539423798651293e-01,4.890611846401372032e-01,1.571462920217802928e-01
0.000000000000000000e+00,2.011445096866813220e-01,7.358562679251924588e-02,7.545816376285738869e-01,1.498539423798651293e-01,1.403398465774090553e-01,1.399372755879103591e-01
0.000000000000000000e+00,2.011445096866813220e-01,1.035540361268457166e-01,7.545816376285738869e-01,1.498539423798651293e-01,1.403398465774090553e-01,1.399372755879103591e-01
0.000000000000000000e+00,2.011445096866813220e-01,1.035540361268457166e-01,2.690598449281402793e-01,1.498539423798651293e-01,1.403398465774090553e-01,1.399372755879103591e-01
0.000000000000000000e+00,2.011445096866813220e-01,1.035540361268457166e-01,2.690598449281402793e-01,1.498539423798651293e-01,1.403398465774090553e-01,1.399372755879103591e-01
0.000000000000000000e+00,2.011445096866813220e-01,1.035540361268457166e-01,2.690598449281402793e-01,1.498539423798651293e-01,1.403398465774090553e-01,1.399372755879103591e-01
0.000000000000000000e+00,2.011445096866813220e-01,1.035540361268457166e-01,2.690598449281402793e-01,1.498539423798651293e-01,1.403398465774090553e-01,1.399372755879103591e-01
0.000000000000000000e+00,2.011445096866813220e-01,1.035540361268457166e-01,2.690598449281402793e-01,1.498539423798651293e-01,1.403398465774090553e-01,1.399372755879103591e-01
0.000000000000000000e+00,2.011445096866813220e-01,1.035540361268457166e-01,2.690598449281402793e-01,1.498539423798651293e-01,1.403398465774090553e-01,1.399372755879103591e-01
0.000000000000000000e+00,2.011445096866813220e-01,1.035540361268457166e-01,2.690598449281402793e-01,1.498539423798651293e-01,1.403398465774090553e-01,1.399372755879103591e-01
0.000000000000000000e+00,2.011445096866813220e-01,1.035540361268457166e-01,2.690598449281402793e-01,1.498539423798651293e-01,1.403398465774090553e-01,1.399372755879103591e-01
0.000000000000000000e+00,2.011445096866813220e-01,1.035540361268457166e-01,2.690598449281402793e-01,1.498539423798651293e-01,1.403398465774090553e-01,1.399372755879103591e-01
0.000000000000000000e+00,2.011445096866813220e-01,1.035540361268457166e-01,2.690598449281402793e-01,1.498539423798651293e-01,1.403398465774090553e-01,1.399372755879103591e-01
0.000000000000000000e+00,2.011445096866813220e-01,1.035540361268457166e-01,2.690598449281402793e-01,1.498539423798651293e-01,1.403398465774090553e-01,1.399372755879103591e-01
0.000000000000000000e+00,2.011445096866813220e-01,1.035540361268457166e-01,2.690598449281402793e-01,1.498539423798651293e-01,1.403398465774090553e-01,1.399372755879103591e-01
0.000000000000000000e+00,2.011445096866813220e-01,1.035540361268457166e-01,2.690598449281402793e-01,1.498539423798651293e-01,1.403398465774090553e-01,1.399372755879103591e-01
0.000000000000000000e+00,2.011445096866813220e-01,1.035540361268457166e-01,2.690598449281402793e-01,1.498539423798651293e-01,1.403398465774090553e-01,1.399372755879103591e-01
0.000000000000000000e+00,2.011445096866813220e-01,1.035540361268457166e-01,2.690598449281402793e-01,1.498539423798651293e-01,1.403398465774090553e-01,1.399372755879103591e-01
0.000000000000000000e+00,2.011445096866813220e-01,1.035540361268457166e-01,2.690598449281402793e-01,1.498539423798651293e-01,1.403398465774090553e-01,1.399372755879103591e-01
0.000000000000000000e+00,2.011445096866813220e-01,1.035540361268457166e-01,2.690598449281402793e-01,1.498539423798651293e-01,1.403398465774090553e-01,1.399372755879103591e-01
0.000000000000000000e+00,2.011445096866813220e-01,1.035540361268457166e-01,2.690598449281402793e-01,1.498539423798651293e-01,1.403398465774090553e-01,1.399372755879103591e-01
0.000000000000000000e+00,2.011445096866813220e-01,1.035540361268457166e-01,2.690598449281402793e-01,1.498539423798651293e-01,1.403398465774090553e-01,1.399372755879103591e-01
0.000000000000000000e+00,2.011445096866813220e-01,1.035540361268457166e-01,2.690598449281402793e-01,1.498539423798651293e-01,1.403398465774090553e-01,1.399372755879103591e-01
0.000000000000000000e+00,2.011445096866813220e-01,1.035540361268457166e-01,2.690598449281402793e-01,1.498539423798651293e-01,1.403398465774090553e-01,1.399372755879103591e-01
0.000000000000000000e+00,2.011445096866813220e-01,1.035540361268457166e-01,2.690598449281402793e-01,1.498539423798651293e-01,1.403398465774090553e-01,1.399372755879103591e-01
0.000000000000000000e+00,2.011445096866813220e-01,1.035540361268457166e-01,2.690598449281402793e-01,1.498539423798651293e-01,1.403398465774090553e-01,1.399372755879103591e-01
0.000000000000000000e+00,2.011445096866813220e-01,1.035540361268457166e-01,2.690598449281402793e-01,1.498539423798651293e-01,1.403398465774090553e-01,1.399372755879103591e-01
0.000000000000000000e+00,2.011445096866813220e-01,1.035540361268457166e-01,2.690598449281402793e-01,1.498539423798651293e-01,1.403398465774090553e-01,1.399372755879103591e-01
0.000000000000000000e+00,2.011445096866813220e-01,1.035540361268457166e-01,2.690598449281402793e-01,1.498539423798651293e-01,1.403398465774090553e-01,1.399372755879103591e-01
0.000000000000000000e+00,2.011445096866813220e-01,1.035540361268457166e-01,2.690598449281402793e-01,1.498539423798651293e-01,1.403398465774090553e-01,1.399372755879103591e-01
0.000000000000000000e+00,2.011445096866813220e-01,1.035540361268457166e-01,2.690598449281402793e-01,1.498539423798651293e-01,1.403398465774090553e-01,1.399372755879103591e-01
0.000000000000000000e+00,1.945018425673067930e-01,1.035540361268457166e-01,2.690598449281402793e-01,1.498539423798651293e-01,1.403398465774090553e-01,1.399372755879103591e-01
0.000000000000000000e+00,1.945018425673067930e-01,1.035540361268457166e-01,2.690598449281402793e-01,1.498539423798651293e-01,1.403398465774090553e-01,1.399372755879103591e-01
0.000000000000000000e+00,1.945018425673067930e-01,1.035540361268457166e-01,2.690598449281402793e-01,1.498539423798651293e-01,1.403398465774090553e-01,1.399372755879103591e-01
0.000000000000000000e+00,1.945018425673067930e-01,1.035540361268457166e-01,2.690598449281402793e-01,1.498539423798651293e-01,1.403398465774090553e-01,1.399372755879103591e-01
0.000000000000000000e+00,1.945018425673067930e-01,1.035540361268457166e-01,2.690598449281402793e-01,1.498539423798651293e-01,1.403398465774090553e-01,1.399372755879103591e-01
0.000000000000000000e+00,1.875939397754783355e-01,1.035540361268457166e-01,2.690598449281402793e-01,1.498539423798651293e-01,1.403398465774090553e-01,1.399372755879103591e-01
0.000000000000000000e+00,1.875939397754783355e-01,1.035540361268457166e-01,2.690598449281402793e-01,1.498539423798651293e-01,1.403398465774090553e-01,1.399372755879103591e-01
0.000000000000000000e+00,1.875939397754783355e-01,1.035540361268457166e-01,2.690598449281402793e-01,1.498539423798651293e-01,1.403398465774090553e-01,1.399372755879103591e-01
0.000000000000000000e+00,1.875939397754783355e-01,1.035540361268457166e-01,2.690598449281402793e-01,1.498539423798651293e-01,1.403398465774090553e-01,1.399372755879103591e-01
0.000000000000000000e+00,1.875939397754783355e-01,1.035540361268457166e-01,2.690598449281402793e-01,1.498539423798651293e-01,1.403398465774090553e-01,1.399372755879103591e-01
0.000000000000000000e+00,1.875939397754783355e-01,1.035540361268457166e-01,2.690598449281402793e-01,1.498539423798651293e-01,1.403398465774090553e-01,1.399372755879103591e-01
0.000000000000000000e+00,1.875939397754783355e-01,1.035540361268457166e-01,2.690598449281402793e-01,1.498539423798651293e-01,1.403398465774090553e-01,1.399372755879103591e-01
0.000000000000000000e+00,1.875939397754783355e-01,1.035540361268457166e-01,2.690598449281402793e-01,1.498539423798651293e-01,1.403398465774090553e-01,1.399372755879103591e-01
0.000000000000000000e+00,1.828795335963814550e-01,1.035540361268457166e-01,2.690598449281402793e-01,1.498539423798651293e-01,1.403398465774090553e-01,1.399372755879103591e-01
0.000000000000000000e+00,1.828795335963814550e-01,1.035540361268457166e-01,2.690598449281402793e-01,1.498539423798651293e-01,1.403398465774090553e-01,1.399372755879103591e-01
0.000000000000000000e+00,1.828795335963814550e-01,1.035540361268457166e-01,2.690598449281402793e-01,1.498539423798651293e-01,1.403398465774090553e-01,1.399372755879103591e-01
0.000000000000000000e+00,1.828795335963814550e-01,1.035540361268457166e-01,2.690598449281402793e-01,1.498539423798651293e-01,1.403398465774090553e-01,1.399372755879103591e-01
0.000000000000000000e+00,1.828795335963814550e-01,1.035540361268457166e-01,2.690598449281402793e-01,1.498539423798651293e-01,1.403398465774090553e-01,1.399372755879103591e-01
0.000000000000000000e+00,1.828795335963814550e-01,1.035540361268457166e-01,2.690598449281402793e-01,1.498539423798651293e-01,1.403398465774090553e-01,1.399372755879103591e-01
0.000000000000000000e+00,1.828795335963814550e-01,1.035540361268457166e-01,2.690598449281402793e-01,1.498539423798651293e-01,1.403398465774090553e-01,1.399372755879103591e-01
0.000000000000000000e+00,1.828795335963814550e-01,1.035540361268457166e-01,2.690598449281402793e-01,1.498539423798651293e-01,1.403398465774090553e-01,1.399372755879103591e-01
0.000000000000000000e+00,1.828795335963814550e-01,1.035540361268457166e-01,2.690598449281402793e-01,1.498539423798651293e-01,1.403398465774090553e-01,1.399372755879103591e-01
0.000000000000000000e+00,1.828795335963814550e-01,1.035540361268457166e-01,2.690598449281402793e-01,1.498539423798651293e-01,1.403398465774090553e-01,1.399372755879103591e-01
0.000000000000000000e+00,1.781828646174447861e-01,1.035540361268457166e-01,2.690598449281402793e-01,1.498539423798651293e-01,1.403398465774090553e-01,1.399372755879103591e-01
