0.0 2.9827688070273136e-05 0.08657156207604323 0.045207864836867145 0.054469450293401216 0.004561315701335744 0.003253506286925151 0.001726480433889877
0.001 4.227794037607616e-05 0.08693189614626541 0.045248206345901786 0.05441690192905009 0.0045791288502172855 0.0032465256113234234 0.001738678366699782
0.0010848096388007434 4.114036857883532e-05 0.0869319227958471 0.04523840872120224 0.05442964184188183 0.004579751223992445 0.0032464683285578777 0.0017392816377506891
0.0011768119524349979 4.980796408986379e-05 0.08700213175333903 0.045287066943661726 0.0544439744201403 0.004576469515820195 0.003244815875175588 0.001741659451831932
0.0012766169490574075 4.980796408986379e-05 0.08700299596120259 0.045287066943661726 0.05444399763830447 0.0045765578895147745 0.0032448085145405413 0.0017415762431258039
0.0013848863713938732 5.641982643428201e-05 0.08706969732613225 0.045273415140544525 0.054393436543359305 0.0045768894111743634 0.0032446394280310634 0.0017406383009606792
0.0015023380843318596 5.812987100261097e-05 0.08716479445487281 0.04532601829261682 0.05435028370892092 0.0045777730090764725 0.003242971165861159 0.0017411654436322293
0.0016297508346206436 5.812987100261097e-05 0.08717950883105209 0.04532493074729341 0.05433858025218509 0.004577573657647061 0.003242971165861159 0.0017411654436322293
0.0017679694142400302 5.812987100261097e-05 0.08716236553585538 0.04532477387115689 0.054358287323225236 0.004577573657647061 0.0032429841255031443 0.0017411654436322293
0.0019179102616724887 8.234267661512811e-05 0.08733647106015834 0.04530447666905554 0.05438266571373319 0.004571044632551303 0.003241037918698683 0.0017493522860185784
0.0020805675382171715 8.235925328945685e-05 0.08738564842158132 0.04525906674390279 0.05438269567121923 0.004574395683395126 0.0032410124470885733 0.0017515439753076675
0.002257019719633919 8.235925328945685e-05 0.08753647870884208 0.04511920118653729 0.054430685606115276 0.004574395683395126 0.0032407267003240147 0.001751797398068567
0.002448436746822227 8.280252069928848e-05 0.08753647870884208 0.0451190980039361 0.05443057006234965 0.004574476323424529 0.0032407218918224096 0.0017517658809965062
0.0026560877829466868 8.280252069928848e-05 0.0875503009585484 0.04510669938785243 0.05443058991666079 0.004575723340626746 0.003240718360902652 0.0017526315688986588
0.002881349628441459 0.00010995374507929433 0.0875635864095377 0.0451329828945843 0.05457593796402237 0.004568217676454507 0.0032382544623295925 0.001761305127014364
0.0031257158496882354 0.00010997790617698522 0.0876644360408415 0.045085658956487744 0.054549500847841575 0.00456804817572115 0.0032380029635285684 0.0017633798382172283
0.003390806681894053 0.00011619744067658446 0.08803013048406767 0.04470865651411469 0.0547209789073666 0.004564607916603517 0.003237438091164718 0.0017626952848125892
0.0036783797718286343 0.0001165988004294857 0.08809918843343587 0.04466717436518533 0.05470582583344934 0.00456772777779893 0.003237371662817313 0.0017651791151821587
0.003990341831649381 0.00011703216347469144 0.08815497616014716 0.0446545557219354 0.05471105288914994 0.00456513624833005 0.003237102980508494 0.0017646266398461724
0.004328761281083057 0.00019845566746400184 0.08858631994433984 0.044234139676465126 0.05526515064089192 0.004517778474681428 0.003226239599638732 0.001840459836100841
0.0046958819617863535 0.00019845566746400184 0.08877101931188079 0.04386948334659075 0.055612344589956265 0.004518782983849859 0.0032263232157576168 0.0018404323162033328
0.0050941380148163806 0.00019845566746400184 0.08907995522220533 0.043818883745586665 0.055449468964115366 0.004514126581304923 0.0032257086320332 0.0018394293647303948
0.0055261700198540875 0.00019845566746400184 0.08914281524028765 0.043775210559156355 0.055448612423621826 0.004519644835793621 0.0032257026841736964 0.0018433642355739134
0.005994842503189409 0.00026065953873985226 0.08964724613679542 0.04319094477170862 0.05619631359665395 0.004509023059729647 0.003223886759475272 0.0018714969278539435
0.0065032629305522465 0.00026065953873985226 0.09057717186882745 0.042788643537281464 0.05646474930294856 0.004512764695849941 0.0032235010760133425 0.0018753964937476384
0.007054802310718645 0.00026065953873985226 0.0905848202987742 0.0427856054015142 0.05646292462313196 0.00451253705322855 0.0032234814278671083 0.0018752984180251502
0.007653117546501335 0.00026065953873985226 0.09155455289169383 0.04244868382316047 0.05687883772643916 0.004525952157444621 0.0032235119626451126 0.001884948290943046
0.008302175681319744 0.00026065953873985226 0.09272606850304924 0.04215425906460743 0.05726062751192149 0.004548191259848701 0.0032234377243726096 0.0018929173062725109
0.009006280202112787 0.0003162722585999165 0.09376539203697098 0.041715108424774036 0.05786404861453011 0.004561872527909121 0.003223279522489711 0.0019034505827265746
0.009770099572992247 0.0003162722585999165 0.09500888055432105 0.0414290936073666 0.05822941522985365 0.00456772383532231 0.003222990985763594 0.0019108336654651687
0.01059869818882502 0.00031627326985636474 0.09775301209308271 0.0407635583890706 0.05912325720931647 0.004598672308955663 0.0032227338209221035 0.0019211467392205176
0.011497569953977356 0.00031627326985636474 0.09838994724783831 0.04062165774268747 0.059279948883676624 0.004612128759885413 0.0032227854443256194 0.0019291036055156868
0.012472674708860454 0.00031627326985636474 0.1004552492203906 0.04007617519820501 0.060012041828185834 0.0046344541826013495 0.003222547579306145 0.0019375460937188418
0.013530477745798068 0.000513579396509918 0.1033225119788093 0.03970699230046874 0.0623466984186069 0.004628386667947052 0.0032268509112599996 0.001964283456346834
0.01467799267622069 0.000513579396509918 0.10543221469252251 0.0392258213674604 0.06306784758677435 0.004661039451294183 0.0032267872846568463 0.0019764647656445454
0.015922827933410922 0.000513579396509918 0.10934370958400581 0.03879603730399602 0.06428192868864807 0.004684678888967182 0.0032265758758753416 0.001989324219465112
0.017273237219129878 0.0005135800706808835 0.11125023461784114 0.03845049073278621 0.06495555453075938 0.004709543862699775 0.003226579102428143 0.001999322362386074
0.01873817422860384 0.0005135838381068673 0.1155641407309892 0.03796434122696729 0.06626376798891186 0.004741193978686067 0.0032264743202484996 0.0020152379892779152
0.020327352016717117 0.0005135838381068673 0.11941892658165115 0.0376266107757646 0.06754069180255458 0.0047689549323090994 0.0032267178886518683 0.002029369457799366
0.022051307399030457 0.0005136526432024663 0.12409362234596562 0.03723562978332985 0.06906680535405985 0.004809759564332544 0.0032268340851984104 0.0020483313353375104
0.023921470814626374 0.0009691259183648897 0.12924516034459402 0.03658460751538138 0.07273378871170472 0.004887156303449462 0.0032261913525132645 0.002123602293817915
0.02595024211399736 0.0009691276632779769 0.1376722212719743 0.03556968423248433 0.07585621105530671 0.004945700277329431 0.0032259036885307233 0.0021529451425891695
0.028151072774477297 0.0009691276632779769 0.14399295383029515 0.03548454781764712 0.07825362770262813 0.00508368253960268 0.0032267975871286686 0.0022091362851664304
0.030538555088334154 0.0009691276632779769 0.14926105202315096 0.03494147092938286 0.08028903439244134 0.005089109190876129 0.0032261806360946253 0.0022124700427842738
0.03312851891487236 0.0009691276632779769 0.15792058613485918 0.03415565462856331 0.08355536189742667 0.005217124972441976 0.003226687655994171 0.0022658788474881598
0.03593813663804628 0.0009691284564202893 0.15865117553386066 0.03403950126188346 0.08389205704835763 0.005227160145505384 0.003226643785449574 0.002270901976811314
0.038986037025490715 0.0009696708864477262 0.16624541292171516 0.03387101235538729 0.08491544013412933 0.005361244499826986 0.0032253051508790284 0.00233762429383534
0.04229242874389499 0.0009697452038823964 0.17942638232243197 0.032796981583219656 0.09084991013813164 0.005425476511964186 0.0032233668967067376 0.002396700123515116
0.045879234349670873 0.0032550681057725043 0.19244800499099457 0.03202143418943232 0.09945207710901613 0.005640845867658711 0.0032254323609381993 0.0025484036227763703
0.04977023564332109 0.0032550763544525532 0.20429470597785548 0.03165116715526297 0.10174429938573219 0.005706450239826964 0.003224689420263591 0.002533199569097499
0.05399123135125903 0.0032550972934096 0.21634326612481417 0.03112966136650285 0.10390984008692539 0.005711472933469019 0.003219482496260963 0.0025852598083629997
0.058570208180566644 0.003255149958059142 0.22214093845999408 0.030939122919729042 0.10557478263643844 0.005711467316410573 0.0032179436019790855 0.002641220269526221
0.06353752638084484 0.003255149958059142 0.2263861051497266 0.03061874941204883 0.10694375026914536 0.005766255730708182 0.0032169277254292176 0.0026738508744231487
0.06892612104349695 0.003255149958059142 0.2308854352452322 0.030617666735647538 0.10923869105934318 0.005868299431902666 0.0032167790628052804 0.002733251822501245
0.07477172047313224 0.003255149958059142 0.25243486821929056 0.03037331660296269 0.11146678007195429 0.005906168709837138 0.0032119911565419114 0.0027780632812058
0.08111308307896868 0.0032551547169130165 0.27271015423579925 0.03019261906489178 0.11289682496092869 0.006010978073348648 0.003202340805251093 0.002915385298840648
0.0879922543569107 0.0032551547169130165 0.2726606164705095 0.030215185117502295 0.11289673273909759 0.006016816663244358 0.0032021908615558464 0.0029185363797169257
0.09545484566618337 0.003255178828439313 0.3061608208550347 0.02958433355553687 0.11498001745789085 0.006069850705813451 0.0031880711286547815 0.003028901185459712
0.10355033664891308 0.008326916875477559 0.31983797501026595 0.029247585122475606 0.11782571383602872 0.006076894106639504 0.0031923887157992116 0.003035648607866945
0.11233240329780277 0.008327414334335885 0.3198388481013234 0.029247541839270325 0.11782572235577686 0.006076925344849752 0.003192386956893578 0.003035627029737012
0.12185927384710872 0.008327414334335885 0.33403646604902176 0.029100600954589165 0.11814518334199982 0.006076957019221611 0.00318536433433307 0.003074108690399462
0.13219411484660287 0.008327414334335885 0.3505361205486163 0.02910060306406642 0.11932902913003035 0.0060722039979023935 0.003180933743239128 0.0031081452239851742
0.14340544997832724 0.008327414334335885 0.36055149019993865 0.028948833232117607 0.11936168229065648 0.006069917901837218 0.0031758276983248892 0.003139473058124414
0.15556761439304723 0.008327414334335885 0.4011448944558799 0.028842899175716096 0.12175169361597918 0.006069920488357103 0.0031716753167454633 0.0031394704533751544
0.1687612475788147 0.008327414334335885 0.41370549712748983 0.02882234705783976 0.12346863312377379 0.006085786775949764 0.0031716751934559554 0.0031394697092470367
0.18307382802953678 0.008327414334335885 0.4971762357040476 0.02849653786900095 0.12595337094416614 0.005981192125633094 0.003164838325522792 0.0031101331783223844
0.19860025325859118 0.008327414334335885 0.5899067445350185 0.028383632282661716 0.1277753694588071 0.005959500322981016 0.0031600448844103946 0.0031274843504408107
0.21544346900318823 0.008327414334335885 0.589914394233993 0.028384207686085777 0.1277729281675168 0.005959373799992945 0.003160050331648722 0.0031277031893190525
0.23371515179132774 0.008327414334335885 0.6197177128084326 0.028302496585684463 0.12939874299807902 0.005966364239875814 0.003154900730678352 0.0031632360010547486
0.25353644939701114 0.008327414334335885 0.6197177737217622 0.028302496076920123 0.12939874221502992 0.005966363575494515 0.003154900874860007 0.0031632362230886333
0.2750387840931946 0.020006423462888674 0.6760299286680546 0.028196499412181185 0.12877966537390467 0.005935643487669881 0.0031503325380172645 0.0031298619717486102
0.29836472402833375 0.020006423462888674 0.8558970214681314 0.02803477943259968 0.13401494023612823 0.005960800556080933 0.003146034550595394 0.003149651543505558
0.32366892850406015 0.020006423462888674 0.9412485656941326 0.027783066373846938 0.13401280756740078 0.005823737411052035 0.003135594221168187 0.0031236543049575948
0.3511191734215131 0.020006423462888674 1.0372584603741735 0.027713030984580615 0.13778059602376305 0.005863425442941794 0.0031307920327042216 0.0031621095966522295
0.38089746369540717 0.020006423462888674 1.0372584603741735 0.027713030984580615 0.13778059602376305 0.005863425442941794 0.0031307920327042216 0.0031621095966522295
0.41320124001153347 0.020006423462888674 1.0903734624663433 0.027682855374123617 0.1396829670421127 0.005863423788050707 0.0031293571884355017 0.003162116350378658
0.44824468792893085 0.020006423462888674 1.3331478116358428 0.027625909197601693 0.14615201277681603 0.005904826966160905 0.003122600912745536 0.0032433546585907713
0.4862601580065353 0.020006423462888674 1.3331700043922572 0.02762550834999074 0.14614671537343638 0.005904831666976352 0.003122613142083992 0.0032433475236001105
0.527499706370262 0.020006423462888674 1.7435709939983315 0.02743751466310955 0.15576242841837748 0.00595186491786762 0.0031155459739964125 0.0032559125471258617
0.5722367659350214 0.020006423462888674 1.7435717046538433 0.027437515926921525 0.15576242288169037 0.0059518654352816005 0.0031155461091573154 0.003255917701786116
0.6207679593624761 0.020006423462888674 1.9217833863522955 0.02725902811004411 0.1557624283190449 0.005920092566359327 0.0031077082721688467 0.003274912390471404
0.6734150657750821 0.020006423462888674 1.9217836909189434 0.027259023596376532 0.1557624055079022 0.005920093361145467 0.003107707837117233 0.0032748987571905868
0.7305271542664449 0.020006423462888674 2.183498359725861 0.027270436875140636 0.16100571741415792 0.005920096822689657 0.003103905528478823 0.0033628208245155672
0.7924828983539169 0.020006423462888674 2.557907216166625 0.02719896578950415 0.1662248606129867 0.005954502984855517 0.00309450956473337 0.0034485263887709195
0.8596930867190787 0.020006423462888674 2.557917936912633 0.027198953717874695 0.16622380752562843 0.0059543927350953355 0.003094512891625924 0.003448649416707404
0.9326033468832199 0.031048719783599226 3.129964273926106 0.027146061742566747 0.1721590499570334 0.005978706883714217 0.003088995201238369 0.0034351947823809893
1.0116970998767492 0.031048719714199275 3.1299655328015845 0.02714606044184865 0.17215906580796175 0.0059787075494594655 0.0030889952003720095 0.0034351945406831874
1.0974987654930557 0.031048719853618824 3.4073139528235195 0.02711309157747732 0.1721590560049698 0.0059959417309437164 0.0030814652225737045 0.003503965642494357
1.1905772393787832 0.031048719853618824 3.40731439952127 0.027113094175834195 0.17215904141676394 0.005995950326375889 0.0030814648463084147 0.0035039532559575947
1.291549665014884 0.031048719696849286 3.8157531778890137 0.027085359453181534 0.17624240797918683 0.006065775146492569 0.003073413698690856 0.003613210204059672
1.401085525598016 0.032090849389959715 5.1856617575396085 0.026916934897316728 0.17660474519906522 0.0060570223175644465 0.003042895987752507 0.0038733230811121757
1.5199110829529332 0.03209084003397864 5.185673777769981 0.026916691343642756 0.17660284908212653 0.006057045775447271 0.0030428959227064424 0.0038733227859163765
1.648814192907418 0.03330941737213693 6.47751632152362 0.026435621157212687 0.16988127531864664 0.005909674989656863 0.0030275042195858437 0.0038733228968218865
1.7886495290574351 0.033309418760135975 6.477516483959165 0.026435619743146736 0.16988127885114657 0.005909674989656863 0.003027504194108059 0.0038733228968218865
1.9403442495579137 0.033309416697965964 6.4775173367457795 0.026435607470463286 0.1698812756092075 0.005909681034813292 0.0030275040284147886 0.0038733116372138216
2.1049041445120196 0.033804996760781414 7.050710996626538 0.026288610425212855 0.1698812756092075 0.005783711547185178 0.0030115155853777014 0.003969112094383735
2.2834203047182715 0.033804997395295265 7.050711240279857 0.02628861029264866 0.1698812756092075 0.005783711492513126 0.003011515607458677 0.003969111641197153
2.477076355991709 0.03380499684009565 7.050711240279857 0.02628861029264866 0.16988127285813256 0.005783711756091085 0.003011515677144035 0.0039691116158124444
2.687156307025227 0.03380499684009565 7.050711240279857 0.02628860992829579 0.1698812707229978 0.005783711779778238 0.003011515643180743 0.003969111980925188
2.9150530628251756 0.03380499687975276 7.586360644596224 0.026100481871038927 0.16763055531784007 0.005669211858808119 0.0030002187469819635 0.004029236728003754
3.1622776601683795 0.03380499890226566 7.586360644596224 0.026100481718050173 0.16763055259999995 0.005669211858808119 0.0030002188793987828 0.004029236075836657
3.4304692863149158 0.03380499890226566 7.586360644596224 0.02610048171884744 0.16763055227392065 0.005669211884664592 0.0030002188660633714 0.004029236376568171
3.7214061474043274 0.03380499830740893 7.586360644596224 0.026100481979799244 0.16763055142389166 0.005669211588454387 0.0030002187887447408 0.004029236238823871
4.037017258596554 0.033804994976211214 7.586360644596224 0.02610048038884547 0.167630552697919 0.005669212202931572 0.0030002187033585943 0.004029236459118969
4.379395234130494 0.09482900706117976 12.293925901452305 0.025211388492909364 0.11719296400768134 0.005168282409777343 0.002984341420289723 0.003213685166644577
4.750810162102793 0.09482900432483879 12.293925089274575 0.025211389728211304 0.11719296886368412 0.005168282409777343 0.0029843414050187153 0.0032136853652994543
5.153724655961632 0.12526637708355567 14.585065708426896 0.02440246131796907 0.09362985472573909 0.00516828389135417 0.0029773161664802174 0.003213685923305454
5.5908101825122225 0.1861984293538574 19.2473631025709 0.022696810582756678 0.07162651838015634 0.004235886725758557 0.002968880851052048 0.0027857395768736007
6.064964774694602 0.1861984293538574 19.2473631025709 0.022696810582756678 0.07162651838015634 0.004235886725758557 0.002968880851052048 0.0027857395768736007
6.579332246575675 0.1861984496583006 19.2473631025709 0.022696810089279523 0.07162652026519599 0.004235886741791302 0.0029688810196646133 0.002785739581437339
7.137323037957842 0.1861984496583006 19.2473631025709 0.022696810089279523 0.07162652026519599 0.004235886741791302 0.0029688810196646133 0.002785739581437339
7.742636826811269 0.1861984496583006 19.2473631025709 0.022696810089279523 0.07162652217332957 0.004235886821776508 0.0029688810471308886 0.002785739301470217
8.399287059458466 0.1861984496583006 21.53609382796906 0.021916222191922866 0.04856676284010939 0.0037993099435469275 0.0029619788210598122 0.002413508750815643
9.111627561154886 0.1861984496583006 21.53609382796906 0.021916222191922866 0.04856676284010939 0.0037993099435469275 0.0029619788210598122 0.002413508750815643
9.88438140350333 0.1861984496583006 21.53609382796906 0.021916222191922866 0.04856676284010939 0.0037993099435469275 0.0029619788210598122 0.002413508750815643
10.722672220103231 0.1861984496583006 21.53609382796906 0.021916222191922866 0.04856676284010939 0.0037993099435469275 0.0029619788210598122 0.002413508750815643
11.63205817806895 0.1861984496583006 21.53609382796906 0.021916222191922866 0.04856676284010939 0.0037993099435469275 0.0029619788210598122 0.002413508750815643
12.61856883066021 0.1861984496583006 21.53609382796906 0.021916222191922866 0.04856676284010939 0.0037993099435469275 0.0029619788210598122 0.002413508750815643
13.688745095370793 0.1861984496583006 21.53609382796906 0.021916222191922866 0.04856676284010939 0.0037993099435469275 0.0029619788210598122 0.002413508750815643
14.849682622544636 0.1861984496583006 21.53609382796906 0.021916222191922866 0.04856676284010939 0.0037993099435469275 0.0029619788210598122 0.002413508750815643
16.10907884206832 0.1861984496583006 21.53609382796906 0.021916221966521376 0.04856676472514904 0.003799310072680598 0.00296197878980305 0.0024135084387578204
17.47528400007683 0.1861984496583006 21.53609382796906 0.021916221966521376 0.04856676472514904 0.003799310072680598 0.00296197878980305 0.0024135084387578204
18.957356524063755 0.1861984496583006 21.53609382796906 0.021916221966521376 0.04856676472514904 0.003799310072680598 0.00296197878980305 0.0024135084387578204
20.565123083486515 0.1861984496583006 21.53609382796906 0.021916221966521376 0.04856676472514904 0.003799310072680598 0.00296197878980305 0.0024135084387578204
22.309243744089834 0.1861984496583006 21.53609382796906 0.021916221966521376 0.04856676472514904 0.003799310072680598 0.00296197878980305 0.0024135084387578204
24.201282647943835 0.1861984496583006 21.53609382796906 0.021916221966521376 0.04856676472514904 0.003799310072680598 0.00296197878980305 0.0024135084387578204
26.253784687830592 0.1861984496583006 21.53609382796906 0.021916221966521376 0.04856676472514904 0.003799310072680598 0.00296197878980305 0.0024135084387578204
28.48035868435799 0.1861984496583006 21.536097726422156 0.021916221966521376 0.04856676620123081 0.0037993111167800757 0.0029619786248279998 0.0024135084632631795
30.895767617294002 0.1861984496583006 21.536097726422156 0.021916222049868147 0.04856676620123081 0.0037993108837958145 0.0029619787370072986 0.002413508853540515
33.51602650938841 0.1861984496583006 21.536097726422156 0.021916222049868147 0.04856676620123081 0.0037993108621018176 0.0029619787370072986 0.002413508853540515
36.35850861168578 0.1861984598105222 21.536099675648703 0.021916221719782795 0.04856676620123081 0.0037993116331685624 0.002961978547129143 0.002413508492332277
39.442060594376564 0.1861984598105222 21.536099675648703 0.021916221719782795 0.04856676620123081 0.0037993116331685624 0.002961978547129143 0.002413508492332277
42.78712750694267 0.1861984598105222 21.53610162487525 0.021916221719782795 0.048566766939271686 0.0037993116331685624 0.0029619783008177207 0.0024135085168376356
46.41588833612773 0.1861984598105222 21.53610162487525 0.021916221719782795 0.048566766939271686 0.0037993116331685624 0.0029619783008177207 0.0024135085168376356
50.35240306053035 0.1861984598105222 21.53610162487525 0.021916221719782795 0.048566766939271686 0.0037993116331685624 0.0029619783008177207 0.0024135085168376356
54.62277217684337 0.18619846996274378 21.536103574101798 0.021916221719782795 0.04856676861983241 0.0037993121682076917 0.0029619782231188638 0.0024135085459067334
59.25530975545674 0.18619846996274378 21.536103574101798 0.021916221719782795 0.04856676861983241 0.0037993121682076917 0.0029619782231188638 0.0024135085459067334
64.28073117284319 0.18619848011496537 21.53610552332834 0.021916221473044218 0.04856677030039313 0.0037993121682076917 0.002961978145420007 0.0024135085459067334
69.7323567654597 0.18619848011496537 21.53610552332834 0.021916221473044218 0.04856677030039313 0.0037993121682076917 0.002961978145420007 0.0024135085459067334
75.64633275546291 0.18619848011496537 21.53610552332834 0.021916221473044218 0.04856677030039313 0.0037993121682076917 0.002961978145420007 0.0024135085459067334
82.06187091305455 0.18619848011496537 21.53610552332834 0.021916221473044218 0.04856677030039313 0.0037993121682076917 0.002961978145420007 0.0024135085459067334
89.02150854450375 0.18619848011496537 21.53610552332834 0.021916221473044218 0.04856677030039313 0.0037993121682076917 0.002961978145420007 0.0024135085459067334
96.57139052966039 0.18619848011496537 21.53610552332834 0.021916221473044218 0.04856677030039313 0.0037993121682076917 0.002961978145420007 0.0024135085459067334
104.7615752789664 0.18619848011496537 21.53610552332834 0.021916221473044218 0.04856677030039313 0.0037993121682076917 0.002961978145420007 0.0024135085459067334
113.64636663857242 0.18619848011496537 21.53610552332834 0.021916221473044218 0.04856677030039313 0.0037993121682076917 0.002961978145420007 0.0024135085459067334
123.28467394420659 0.18619848011496537 21.53610552332834 0.021916221473044218 0.04856677030039313 0.0037993121682076917 0.002961978145420007 0.0024135085459067334
133.74040261108215 0.18619848011496537 21.53610552332834 0.021916221473044218 0.04856677030039313 0.0037993121682076917 0.002961978145420007 0.0024135085459067334
145.082877849594 0.18619848011496537 21.53610552332834 0.021916221473044218 0.04856677030039313 0.0037993121682076917 0.002961978145420007 0.0024135085459067334
157.38730431619013 0.18619848011496537 21.53610552332834 0.021916221473044218 0.04856677030039313 0.0037993121682076917 0.002961978145420007 0.0024135085459067334
170.73526474706887 0.18619848011496537 21.53610552332834 0.021916221473044218 0.04856677030039313 0.0037993121682076917 0.002961978145420007 0.0024135085459067334
185.21526088081706 0.18619848011496537 21.53610552332834 0.021916221473044218 0.04856677030039313 0.0037993121682076917 0.002961978145420007 0.0024135085459067334
200.92330025650458 0.18619848011496537 21.53610552332834 0.021916221473044218 0.04856677030039313 0.0037993121682076917 0.002961978145420007 0.0024135085459067334
217.96353277791204 0.18619848011496537 21.53610552332834 0.021916221473044218 0.04856677030039313 0.0037993121682076917 0.002961978145420007 0.0024135085459067334
236.4489412645407 0.18619848011496537 21.53610552332834 0.021916221473044218 0.04856677030039313 0.0037993121682076917 0.002961978145420007 0.0024135085459067334
256.5020905680046 0.18619848011496537 21.53610552332834 0.021916221473044218 0.04856677030039313 0.0037993121682076917 0.002961978145420007 0.0024135085459067334
278.2559402207126 0.18619848011496537 21.53610552332834 0.021916221473044218 0.04856677030039313 0.0037993121682076917 0.002961978145420007 0.0024135085459067334
301.8547260049918 0.18619848011496537 21.53610552332834 0.021916221473044218 0.04856677030039313 0.0037993121682076917 0.002961978145420007 0.0024135085459067334
327.4549162877725 0.18619848011496537 21.53610552332834 0.021916221473044218 0.04856677030039313 0.0037993121682076917 0.002961978145420007 0.0024135085459067334
355.2262494616661 0.18619848011496537 21.53610552332834 0.021916221473044218 0.04856677030039313 0.0037993121682076917 0.002961978145420007 0.0024135085459067334
385.3528593710527 0.18619848011496537 21.53610552332834 0.021916221473044218 0.04856677030039313 0.0037993121682076917 0.002961978145420007 0.0024135085459067334
418.0344961851454 0.18619848011496537 21.53610552332834 0.021916221473044218 0.04856677030039313 0.0037993121682076917 0.002961978145420007 0.0024135085459067334
453.4878508128582 0.18619848011496537 21.53610552332834 0.021916221473044218 0.04856677030039313 0.0037993121682076917 0.002961978145420007 0.0024135085459067334
491.94799164082207 0.18619848011496537 21.53610552332834 0.021916221473044218 0.04856677030039313 0.0037993121682076917 0.002961978145420007 0.0024135085459067334
533.6699231206302 0.18619848011496537 21.53610552332834 0.021916221473044218 0.04856677030039313 0.0037993121682076917 0.002961978145420007 0.0024135085459067334
578.9302765393112 0.18619848011496537 21.53610552332834 0.021916221473044218 0.04856677030039313 0.0037993121682076917 0.002961978145420007 0.0024135085459067334
628.0291441834247 0.18619848011496537 21.53610552332834 0.021916221473044218 0.04856677030039313 0.0037993121682076917 0.002961978145420007 0.0024135085459067334
681.2920690579608 0.18619848011496537 21.53610552332834 0.021916221473044218 0.04856677030039313 0.0037993121682076917 0.002961978145420007 0.0024135085459067334
739.0722033525775 0.18619848011496537 21.53610552332834 0.021916221473044218 0.04856677030039313 0.0037993121682076917 0.002961978145420007 0.0024135085459067334
801.7526499665792 0.18619848011496537 21.53610552332834 0.021916221473044218 0.04856677030039313 0.0037993121682076917 0.002961978145420007 0.0024135085459067334
869.7490026177834 0.18619848011496537 21.53610552332834 0.021916221473044218 0.04856677030039313 0.0037993121682076917 0.002961978145420007 0.0024135085459067334
943.5121013771044 0.18619848011496537 21.53610552332834 0.021916221473044218 0.04856677030039313 0.0037993121682076917 0.002961978145420007 0.0024135085459067334
1023.5310218990247 0.18619848011496537 21.53610552332834 0.021916221473044218 0.04856677030039313 0.0037993121682076917 0.002961978145420007 0.0024135085459067334
1110.3363181676368 0.18619848011496537 21.53610552332834 0.021916221473044218 0.04856677030039313 0.0037993121682076917 0.002961978145420007 0.0024135085459067334
1204.5035402587812 0.18619848011496537 21.53610552332834 0.021916221473044218 0.04856677030039313 0.0037993121682076917 0.002961978145420007 0.0024135085459067334
1306.6570504423448 0.18619848011496537 21.53610552332834 0.021916221473044218 0.04856677030039313 0.0037993121682076917 0.002961978145420007 0.0024135085459067334
1417.4741629268049 0.18619848011496537 21.53610552332834 0.021916221473044218 0.04856677030039313 0.0037993121682076917 0.002961978145420007 0.0024135085459067334
1537.689634694013 0.18619848011496537 21.53610552332834 0.021916221473044218 0.04856677030039313 0.0037993121682076917 0.002961978145420007 0.0024135085459067334
1668.100537200059 0.18619848011496537 21.53610552332834 0.021916221473044218 0.04856677030039313 0.0037993121682076917 0.002961978145420007 0.0024135085459067334
1809.5715412433183 0.18619848011496537 21.53610552332834 0.021916221473044218 0.04856677030039313 0.0037993121682076917 0.002961978145420007 0.0024135085459067334
1963.0406500402685 0.18619848011496537 21.53610552332834 0.021916221473044218 0.04856677030039313 0.0037993121682076917 0.002961978145420007 0.0024135085459067334
2129.52541852136 0.18619848011496537 21.53610552332834 0.021916221473044218 0.04856677030039313 0.0037993121682076917 0.002961978145420007 0.0024135085459067334
2310.1297000831582 0.18619848011496537 21.53610552332834 0.021916221473044218 0.04856677030039313 0.0037993121682076917 0.002961978145420007 0.0024135085459067334
2506.0509655300802 0.18619848011496537 21.53610552332834 0.021916221473044218 0.04856677030039313 0.0037993121682076917 0.002961978145420007 0.0024135085459067334
2718.58824273294 0.18619848011496537 21.53610552332834 0.021916221473044218 0.04856677030039313 0.0037993121682076917 0.002961978145420007 0.0024135085459067334
2949.150729647068 0.18619848011496537 21.53610552332834 0.021916221473044218 0.04856677030039313 0.0037993121682076917 0.002961978145420007 0.0024135085459067334
3199.2671377973843 0.18619848011496537 21.53610552332834 0.021916221473044218 0.04856677030039313 0.0037993121682076917 0.002961978145420007 0.0024135085459067334
3470.5958281810613 0.18619848011496537 21.53610552332834 0.021916221473044218 0.04856677030039313 0.0037993121682076917 0.002961978145420007 0.0024135085459067334
3764.9358067924636 0.18619848011496537 21.53610552332834 0.021916221473044218 0.04856677030039313 0.0037993121682076917 0.002961978145420007 0.0024135085459067334
4084.238652674517 0.18619848011496537 21.53610552332834 0.021916221473044218 0.04856677030039313 0.0037993121682076917 0.002961978145420007 0.0024135085459067334
4430.621457583878 0.18619848011496537 21.53610552332834 0.021916221473044218 0.04856677030039313 0.0037993121682076917 0.002961978145420007 0.0024135085459067334
4806.380863064389 0.18619848011496537 21.53610552332834 0.021916221473044218 0.04856677030039313 0.0037993121682076917 0.002961978145420007 0.0024135085459067334
5214.008287999684 0.18619848011496537 21.53610552332834 0.021916221473044218 0.04856677030039313 0.0037993121682076917 0.002961978145420007 0.0024135085459067334
5656.20644760902 0.18619848011496537 21.53610552332834 0.021916221473044218 0.04856677030039313 0.0037993121682076917 0.002961978145420007 0.0024135085459067334
6135.907273413163 0.18619848011496537 21.53610552332834 0.021916221473044218 0.04856677030039313 0.0037993121682076917 0.002961978145420007 0.0024135085459067334
6656.291352986187 0.18619848011496537 21.53610552332834 0.021916221473044218 0.04856677030039313 0.0037993121682076917 0.002961978145420007 0.0024135085459067334
7220.8090183854565 0.18619848011496537 21.53610552332834 0.021916221473044218 0.04856677030039313 0.0037993121682076917 0.002961978145420007 0.0024135085459067334
7833.203223083877 0.18619848011496537 21.53610552332834 0.021916221473044218 0.04856677030039313 0.0037993121682076917 0.002961978145420007 0.0024135085459067334
8497.534359086438 0.18619848011496537 21.53610552332834 0.021916221473044218 0.04856677030039313 0.0037993121682076917 0.002961978145420007 0.0024135085459067334
9218.207178777464 0.18619848011496537 21.53610552332834 0.021916221473044218 0.04856677030039313 0.0037993121682076917 0.002961978145420007 0.0024135085459067334
10000.0 0.18619848011496537 21.53610552332834 0.021916221473044218 0.04856677030039313 0.0037993121682076917 0.002961978145420007 0.0024135085459067334
10000000.0 0.18619848011496537 21.53610552332834 0.021916221473044218 0.04856677030039313 0.0037993121682076917 0.002961978145420007 0.0024135085459067334
