0.0 0.0 18.636849348178643 0.05179817916933985 0.13518129802876883 0.0 0.0032822475133932 0.0
0.001 0.0 18.636849348178643 0.05179817916933985 0.13518129802876883 0.0 0.0032822475133932 0.0
0.0011226677735108135 0.0 18.636849348178643 0.05179817916933985 0.13518129802876883 0.0 0.0032822475133932 0.0
0.0012603829296797275 0.0 18.636849348178643 0.05179817916933985 0.13518129802876883 0.0 0.0032822475133932 0.0
0.0014149912974345759 0.0 18.636849348178643 0.05179817916933985 0.13518129802876883 0.0 0.0032822475133932 0.0
0.0015885651294280528 0.0 18.636849348178643 0.05179817916933985 0.13518129802876883 0.0 0.0032822475133932 0.0
0.0017834308769319094 0.0 18.636849348178643 0.05179817916933985 0.13518129802876883 0.0 0.0032822475133932 0.0
0.0020022003718155844 0.0 18.636849348178643 0.05179817916933985 0.13518129802876883 0.0 0.0032822475133932 0.0
0.002247805833548725 0.0 18.636849348178643 0.05179817916933985 0.13518129802876883 0.0 0.0032822475133932 0.0
0.0025235391704347657 0.0 18.636849348178643 0.05179817916933985 0.13518129802876883 0.0 0.0032822475133932 0.0
0.002833096101839324 0.0 18.636849348178643 0.05179817916933985 0.13518129802876883 0.0 0.0032822475133932 0.0
0.0031806256927941192 0.0 18.636849348178643 0.05179817916933985 0.13518129802876883 0.0 0.0032822475133932 0.0
0.003570785964900463 0.0 18.636849348178643 0.05179817916933985 0.13518129802876883 0.0 0.0032822475133932 0.0
0.004008806328898464 0.0 18.636849348178643 0.05179817916933985 0.13518129802876883 0.0 0.0032822475133932 0.0
0.004500557675700498 0.0 18.636849348178643 0.05179817916933985 0.13518129802876883 0.0 0.0032822475133932 0.0
0.00505263106533568 0.0 18.636849348178643 0.05179817916933985 0.13518129802876883 0.0 0.0032822475133932 0.0
0.005672426068491977 0.0 18.636849348178643 0.05179817916933985 0.13518129802876883 0.0 0.0032822475133932 0.0
0.006368249944718587 0.0 18.636849348178643 0.05179817916933985 0.13518129802876883 0.0 0.0032822475133932 0.0
0.007149428986597577 0.0 18.636849348178643 0.05179817916933985 0.13518129802876883 0.0 0.0032822475133932 0.0
0.008026433522257174 0.0 18.636849348178643 0.05179817916933985 0.13518129802876883 0.0 0.0032822475133932 0.0
0.009011018251665018 0.0 18.636849348178643 0.05179817916933985 0.13518129802876883 0.0 0.0032822475133932 0.0
0.010116379797662075 0.0 18.636849348178643 0.05179817916933985 0.13518129802876883 0.0 0.0032822475133932 0.0
0.011357333583431058 0.0 18.636849348178643 0.05179817916933985 0.13518129802876883 0.0 0.0032822475133932 0.0
0.012750512407130135 0.0 18.636849348178643 0.05179817916933985 0.13518129802876883 0.0 0.0032822475133932 0.0
0.014314589375234792 0.0 18.636849348178643 0.05179817916933985 0.13518129802876883 0.0 0.0032822475133932 0.0
0.01607052818261639 0.0 18.636849348178643 0.05179817916933985 0.13518129802876883 0.0 0.0032822475133932 0.0
0.018041864093920727 0.0 18.636849348178643 0.05179817916933985 0.13518129802876883 0.0 0.0032822475133932 0.0
0.020255019392306676 0.0 18.636849348178643 0.05179817916933985 0.13518129802876883 0.0 0.0032822475133932 0.0
0.022739657523579287 0.0 18.636849348178643 0.05179817916933985 0.13518129802876883 0.0 0.0032822475133932 0.0
0.025529080682395178 0.0 18.636849348178643 0.05179817916933985 0.13518129802876883 0.0 0.0032822475133932 0.0
0.028660676169482518 0.0 18.636849348178643 0.05179817916933985 0.13518129802876883 0.0 0.0032822475133932 0.0
0.03217641750250737 0.0 18.636849348178643 0.05179817916933985 0.13518129802876883 0.0 0.0032822475133932 0.0
0.036123426997094324 0.0 18.636849348178643 0.05179817916933985 0.13518129802876883 0.0 0.0032822475133932 0.0
0.040554607358408296 0.0 18.636849348178643 0.05179817916933985 0.13518129802876883 0.0 0.0032822475133932 0.0
0.0455293507486695 0.0 18.636849348178643 0.05179817916933985 0.13518129802876883 0.0 0.0032822475133932 0.0
0.051114334834401684 0.0 18.636849348178643 0.05179817916933985 0.13518129802876883 0.0 0.0032822475133932 0.0
0.057384416483023955 0.0 18.636849348178643 0.05179817916933985 0.13518129802876883 0.0 0.0032822475133932 0.0
0.06442363508721373 0.0 18.636849348178643 0.05179817916933985 0.13518129802876883 0.0 0.0032822475133932 0.0
0.07232633896483537 0.0 18.636849348178643 0.05179817916933985 0.13518129802876883 0.0 0.0032822475133932 0.0
0.08119844993184012 0.0 18.636849348178643 0.05179817916933985 0.13518129802876883 0.0 0.0032822475133932 0.0
0.09115888299750823 0.0 18.636849348178643 0.05179817916933985 0.13518129802876883 0.0 0.0032822475133932 0.0
0.10234114021054538 0.0 18.636849348178643 0.05179817916933985 0.13518129802876883 0.0 0.0032822475133932 0.0
0.11489510001873098 0.0 18.636849348178643 0.05179817916933985 0.13518129802876883 0.0 0.0032822475133932 0.0
0.12898902612533095 0.0 18.636849348178643 0.05179817916933985 0.13518129802876883 0.0 0.0032822475133932 0.0
0.14481182276745344 0.0 18.636849348178643 0.05179817916933985 0.13518129802876883 0.0 0.0032822475133932 0.0
0.1625755666443795 0.0 18.636849348178643 0.05179817916933985 0.13518129802876883 0.0 0.0032822475133932 0.0
0.18251834943190443 0.0 18.636849348178643 0.05179817916933985 0.13518129802876883 0.0 0.0032822475133932 0.0
0.20490746898158482 0.0 18.636849348178643 0.05179817916933985 0.13518129802876883 0.0 0.0032822475133932 0.0
0.23004301197729193 0.0 18.636849348178643 0.05179817916933985 0.13518129802876883 0.0 0.0032822475133932 0.0
0.2582618760682677 0.0 18.636849348178643 0.05179817916933985 0.13518129802876883 0.0 0.0032822475133932 0.0
0.2899422853882878 0.0 18.636849348178643 0.05179817916933985 0.13518129802876883 0.0 0.0032822475133932 0.0
0.325508859983506 0.0 18.636849348178643 0.05179817916933985 0.13518129802876883 0.0 0.0032822475133932 0.0
0.36543830709572583 0.0 18.636849348178643 0.05179817916933985 0.1351927289898563 0.0 0.0032822475133932 0.0
0.41026581058271944 0.0 18.636849348178643 0.05179817916933985 0.1351927289898563 0.0 0.0032822475133932 0.0
0.46059220411451085 0.0 18.636849348178643 0.05179817916933985 0.1351927289898563 0.0 0.0032822475133932 0.0
0.517092024289676 0.0 18.636849348178643 0.05179817916933985 0.1351927289898563 0.0 0.0032822475133932 0.0
0.5805225516094902 0.0 18.63691367265469 0.05179817916933985 0.1351927289898563 0.0 0.0032822475133932 0.0
0.6517339604882427 0.0 18.63691367265469 0.05179817916933985 0.1351927289898563 0.0 0.0032822475133932 0.0
0.73168071434272 0.0 18.63691367265469 0.05179817916933985 0.1351927289898563 0.0 0.0032822475133932 0.0
0.821434358491943 0.0 18.63691367265469 0.05179817916933985 0.1351927800614145 0.0 0.0032822475133932 0.0
0.9221978823334331 0.0 18.63691367265469 0.05179817916933985 0.1351927800614145 0.0 0.0032822475133932 0.0
1.0353218432956626 0.0 18.63691367265469 0.05179817916933985 0.1351927800614145 0.0 0.0032822475133932 0.0
1.162322468679853 0.0 18.63691367265469 0.05179817916933985 0.1351927800614145 0.0 0.0032822475133932 0.0
1.3049019780144029 0.0 18.63691367265469 0.05179817916933985 0.1351927800614145 0.0 0.0032822475133932 0.0
1.4649713983072863 0.0 18.63691367265469 0.05179817916933985 0.1351927800614145 0.0 0.0032822475133932 0.0
1.6446761779946644 0.0 18.63691367265469 0.05179817916933985 0.1351927800614145 0.0 0.0032822475133932 0.0
1.8464249428955444 0.0 18.63691367265469 0.05179817916933985 0.1351927800614145 0.0 0.0032822475133932 0.0
2.072921779595372 0.0 18.271860575723554 0.05179817916933985 0.1351927800614145 0.0 0.0032822475133932 0.0
2.3272024789604098 0.0 18.263831711576845 0.05179817916933985 0.1351927800614145 0.0 0.0032822475133932 0.0
2.612675225563329 0.0 18.088995836452096 0.05179817916933985 0.1351927800614145 0.0 0.003282035212477952 0.0
2.933166278390045 0.0 18.088995836452096 0.05179817916933985 0.1351927800614145 0.0 0.003282035212477952 0.0
3.2929712550971515 0.0 18.088995836452096 0.05179817916933985 0.1351927800614145 0.0 0.003282035212477952 0.0
3.6969127071950285 0.0 18.088995836452096 0.05179817916933985 0.1351927800614145 0.0 0.003282035212477952 0.0
4.150404757850477 0.0 18.088995836452096 0.05179817916933985 0.1351927800614145 0.0 0.003282035212477952 0.0
4.659525668664682 0.0 18.088995836452096 0.05179817916933985 0.1351927800614145 0.0 0.003282035212477952 0.0
5.2310993080562636 0.0 18.088995836452096 0.05179817916933985 0.1351927800614145 0.0 0.003282035212477952 0.0
5.872786613189483 0.0 18.088995836452096 0.05179817916933985 0.13494417969392591 0.0 0.003282035212477952 0.0
6.593188271333548 0.0 18.090718952719563 0.051794015264047616 0.13494417969392591 0.0 0.003282035212477952 0.0
7.401959996915645 0.0 17.370056761477045 0.05178715391035 0.13494417969392591 0.0 0.003282007491599525 0.0
8.309941949353396 0.0 17.370056761477045 0.05178715391035 0.13494417969392591 0.0 0.003282007491599525 0.0
9.329304026284687 0.0 17.370056761477045 0.05178715391035 0.13480414220946807 0.0 0.003282007491599525 0.0
10.473708979594509 0.0 17.370056761477045 0.05178385086424744 0.13480414220946807 0.0 0.003282007491599525 0.0
11.758495540521581 0.0 17.370056761477045 0.05178385086424744 0.13480414220946807 0.0 0.0032811297472681617 0.0
13.200884008314194 0.0 17.370056761477045 0.05178177294693205 0.13480414220946807 0.0 0.0032811297472681617 0.0
14.8202070579886 0.0 17.180917461951097 0.05178177294693205 0.13480414220946807 0.0 0.003281046283553279 0.0
16.638168860761308 0.0 16.727464991891217 0.05178040250712471 0.13480414220946807 0.0 0.003281046283553279 0.0
18.679135990207847 0.0 16.727464991891217 0.05178040250712471 0.13480414220946807 0.0 0.003281046283553279 0.0
20.97046401323235 0.0 16.727464991891217 0.05178040250712471 0.13480414220946807 0.0 0.0032809085025652758 0.0
23.542864143224204 0.0 15.739695413859781 0.05178040250712471 0.13480414220946807 0.0 0.0032809085025652758 0.0
26.430814869741084 0.0 15.739695413859781 0.05178040250712471 0.13480414220946807 0.0 0.003281050660489971 0.0
29.673024081888727 0.0 15.739695413859781 0.051751503006182725 0.13480414220946807 0.0 0.003279110483909826 0.0
33.31294787934677 0.0 15.739695413859781 0.051751503006182725 0.13480414220946807 0.0 0.003279110483909826 0.0
37.39937302478802 0.0 14.104361589321357 0.051751503006182725 0.13480414220946807 0.0 0.003279110483909826 0.0
41.987070844439145 0.0 14.104361589321357 0.051751503006182725 0.13439059016471142 0.0 0.003279110483909826 0.0
47.13753134116729 0.0 14.104361589321357 0.051751503006182725 0.13439057947907804 0.0 0.003279110483909826 0.0
52.919787359584475 0.0 14.106661676646707 0.051751503006182725 0.1343905775531649 0.0 0.003279110483909826 0.0
59.411339849650396 0.0 11.497367569548405 0.0517188075495825 0.13416284369928413 0.0 0.0032772243082367816 0.0
66.69919663030129 0.0 11.497367569548405 0.051705058928053896 0.1341628502582115 0.0 0.0032772243082367816 0.0
74.8810385759003 0.0 9.656267543038922 0.051705058928053896 0.1341628502582115 0.0 0.0032772243082367816 0.0
84.06652885618334 0.0 9.656267543038922 0.051697116397070635 0.1341628502582115 0.0 0.003277138549408158 0.0
94.37878277775391 0.0 9.656267543038922 0.05169727412100117 0.1341628502582115 0.0 0.003274787790884694 0.0
105.9560179277617 0.0 9.62393279846557 0.05169727412100117 0.1341628502582115 0.0 0.003274787790884694 0.0
118.95340673703207 0.0 9.62393279846557 0.05168815563354504 0.13391185241197254 0.0 0.003274787790884694 0.0
133.54515629299001 0.0 9.62393279846557 0.05164343598292166 0.13391185241197254 0.0 0.003274787790884694 0.0
149.9268432786047 0.0 7.909117799557135 0.05164343598292166 0.13391185241197254 0.0 0.0032722634769669907 0.0
168.31803533309585 0.0 7.909117799557135 0.05164343598292166 0.13257836978574344 0.0 0.0032722634769669907 0.0
188.96523396912116 0.0 7.909117799557135 0.05163418182933072 0.13257836790606267 0.0 0.0032722634769669907 0.0
212.1451784910632 0.0 7.909117799557135 0.05160529473954089 0.13257836790606267 0.0 0.003269816551966225 0.0
238.16855519761606 0.0 7.909117799557135 0.05160529473954089 0.1315826400525184 0.0 0.003269816551966225 0.0
267.38416158399497 0.0 7.9207225198041415 0.051514130963292146 0.13040319830001787 0.0 0.0032698167608233293 0.0
300.1835813575592 0.0 7.9207225198041415 0.051514130963292146 0.13040319830001787 0.0 0.0032671793394807125 0.0
337.00643292719315 0.0 7.9207225198041415 0.051514130963292146 0.1304031982615443 0.0 0.0032671793394807125 0.0
378.34626171319326 0.0 7.9207225198041415 0.05150312474547312 0.13005361621378922 0.0 0.003266496487462875 0.0
424.75715525369026 0.0 6.7586014494448605 0.05142389078454351 0.12709801945405141 0.0 0.0032647927537561108 0.0
476.86116977144746 0.0 6.7586014494448605 0.05142389233367126 0.126108196417506 0.0 0.0032647783969730164 0.0
535.356667741073 0.0 6.7586014494448605 0.05141453228444467 0.12457610718192955 0.0 0.0032625966295838785 0.0
601.0276782070388 0.0 6.7586014494448605 0.05129338762483564 0.12232848602225725 0.0 0.0032625966295838785 0.0
674.75440531107 0.0 6.7586014494448605 0.05129338762483564 0.12098787643354673 0.0 0.003258800135005109 0.0
757.525025877192 0.0 6.6873996148328345 0.05127350498640239 0.11905727143974404 0.0 0.003258800135005109 0.0
850.4489341802686 0.0 6.687397665606287 0.051261379784865634 0.11638589883416972 0.0 0.003258800135005109 0.0
954.7716114208066 0.0 6.7101919208458085 0.051141731736189765 0.11706231404291921 0.0 0.0032544826350707273 0.0
1071.8913192051286 0.0 6.7101919208458085 0.051141731736189765 0.11338606281349417 0.0 0.0032544826350707273 0.0
1203.3778407775906 0.0 6.7101919208458085 0.05112317667831858 0.11234253455292131 0.0 0.0032544826350707273 0.0
1350.9935211980278 0.0 6.7101919208458085 0.05097790511785844 0.11055478165940881 0.0 0.003252286222918466 0.0
1516.716888470924 0.0 6.7272383943051395 0.050965962617390885 0.10880977175981794 0.0 0.003250303234714812 0.0
1702.7691722259012 0.0 6.7272383943051395 0.05093537502171804 0.10327832404704061 0.0 0.003250303234714812 0.0
1911.6440753857037 0.0 6.7272383943051395 0.050911674586809966 0.10327832404704061 0.0 0.0032489437492962112 0.0
2146.141197858406 0.0 6.7272383943051395 0.0508640527836822 0.10040678086184208 0.0 0.003243984157063745 0.0
2409.403560239527 0.0 6.7272383943051395 0.050824919283489756 0.09866141663423383 0.0 0.0032425276669504465 0.0
2704.959730463137 0.0 6.7121016755551395 0.05083076327733015 0.09687474814291061 0.0 0.0032425276669504465 0.0
3036.7711180354604 0.0 6.7121016755551395 0.050830743354278916 0.09442778466080957 0.0 0.0032425276669504465 0.0
3409.2850697468143 0.0 6.7121016755551395 0.05040830965675147 0.0932718646472187 0.0 0.0032413462435267304 0.0
3827.494478516315 0.0 6.7121016755551395 0.050387964115776854 0.11126859866528455 0.0 0.0032413462024204354 0.0
4297.004704320844 0.0 6.7121016755551395 0.05016716571359463 0.10933703857550861 0.0 0.003237447034198911 0.0
4824.108704165374 0.0 6.7121016755551395 0.05013697786896603 0.10799078774688148 0.0 0.0032381825645617177 0.0
5415.871378079476 0.0 6.91409368762475 0.05013697786896603 0.10400137000914958 0.0 0.003233616686698984 0.0
6080.224261649427 0.0 6.91409368762475 0.05013697786896603 0.10400136437843141 0.0 0.003233617204838554 0.0
6826.071834272393 0.0 6.91409368762475 0.04979964242011828 0.10072283855924812 0.0 0.003230322682346266 0.0
7663.410868007462 0.0 6.914095149544661 0.049663402683607236 0.099966377409687 0.0 0.0032298146263164827 0.0
8603.46441668451 0.0 6.914095149544661 0.049663402683607236 0.09629765419985736 0.0 0.003227248679732034 0.0
9658.832241158709 0.0 6.914095149544661 0.049653085756809635 0.09494947942055335 0.0 0.003221638709671769 0.0
10843.65968689611 0.0 6.914095149544661 0.049570121744837735 0.09494947942055335 0.0 0.0032176264199223503 0.0
12173.82727739662 0.0 7.164446010323104 0.04955077476774999 0.090967444755346 0.0 0.0032176264199223503 0.0
13667.163564620074 0.0 8.679448719748004 0.04954558767022367 0.09096745039641076 0.0 0.003215348031681768 0.0
15343.684089300132 0.0 8.983979307010978 0.042461713036811594 0.08575686257186936 0.0 0.003215348031681768 0.0
17225.859653987874 0.0 8.983979307010978 0.042461713036811594 0.08575686257186936 0.0 0.003202455763062784 0.0
19338.917504552322 0.0 8.983981256237525 0.042461713036811594 0.08575686336879443 0.0 0.0032024557056659453 0.0
21711.179456945054 0.0 8.983981256237525 0.04244955531476658 0.0941658395187447 0.0 0.0032024557468626554 0.0
24374.441501222216 0.0 8.983981256237525 0.03932226825121897 0.09416584027486632 0.0 0.0032024557104797114 0.0
27364.39997074672 0.0 8.983981256237525 0.03829693929368162 0.09558559416427939 0.0 0.003193022570245697 0.0
30721.12998861759 0.0 8.983981256237525 0.038186555254083224 0.09227762201065996 0.0 0.00318833872816857 0.0
34489.6226040576 0.0 8.983982230850799 0.038186555254083224 0.09227762201065996 0.0 0.00318833872816857 0.0
38720.38781812557 0.0 8.983984180077345 0.038186555254083224 0.08601501550265975 0.0 0.0031883386661694427 0.0
43470.131581250265 0.0 8.983984180077345 0.033402321450203894 0.08601501550265975 0.0 0.0031672497761959426 0.0
48802.515836544335 0.0 8.895629639159182 0.033402314534056544 0.08601501092238233 0.0 0.0031640253000493825 0.0
54789.01179593945 0.0 8.895629639159182 0.033402314534056544 0.08373362766077128 0.0 0.0031640253000493825 0.0
61509.857885805046 0.0 9.615671001746508 0.03284003598757534 0.08629339333374901 0.0 0.003163957469684401 0.0
69055.13520162331 0.0 9.615671001746508 0.03284003598757534 0.08629337786176398 0.0 0.0031389374119045335 0.0
77525.97488629464 0.0 9.615671001746508 0.03259417369220444 0.0854578765381011 0.0 0.003138938021219928 0.0
87035.91361485166 0.0 9.615672950973053 0.03255894546353846 0.0854578765381011 0.0 0.00313893751366811 0.0
97712.41535346501 0.0 9.615672950973053 0.03065276198153362 0.07990723845696059 0.0 0.00313893751366811 0.0
109698.57978923863 0.0 9.615672950973053 0.03053213913032678 0.07990723845696059 0.0 0.003138937577081162 0.0
123155.06032928261 0.0 9.615672950973053 0.03053213913032678 0.07990723845696059 0.0 0.0031258936006613057 0.0
138262.2173764659 0.0 9.598019780750999 0.030207168188689456 0.07586297336456566 0.0 0.0031247481369039475 0.0
155222.5357427048 0.0 9.598019780750999 0.030146590284945398 0.07586297336456566 0.0 0.0030873581212016703 0.0
174263.33860096542 0.0 13.497279854353792 0.030146590284945398 0.07586296880170201 0.0 0.0030873581212016703 0.0
195639.8343517065 0.0 13.497279854353792 0.030146590284945398 0.07586299982226527 0.0 0.0030873582731856942 0.0
219638.53724165514 0.0 13.497279854353792 0.028728900680383796 0.07032261940359605 0.0 0.0030861806087949775 0.0
246581.1075822604 0.0 15.365540403567866 0.028309970200266148 0.06594502714882841 0.0 0.003080433405745174 0.0
276828.6630392072 0.0 15.365540403567866 0.028309976473387843 0.06594502714882841 0.0 0.003080433405745174 0.0
310786.6187782014 0.0 15.365542352794412 0.028309976473387843 0.06594501261031004 0.0 0.0030664849727440224 0.0
348910.1213406781 0.0 15.365542352794412 0.028309974044236248 0.059607531928071215 0.0 0.0030664852071756 0.0
391710.1490809261 0.0 15.365544302020957 0.028309974044236248 0.05723132500395721 0.0 0.0030664852071756 0.0
439760.360930273 0.0 15.365547225860778 0.027354664072960718 0.05723132500395721 0.0 0.003037324899516097 0.0
493704.7852839004 0.0 15.365547225860778 0.027354663484658207 0.05723135310510422 0.0 0.003037324899516097 0.0
554266.4520663118 0.0 15.365548200474052 0.027354663089177944 0.0526373624764713 0.0 0.0030302103178031147 0.0
622257.0836730232 4.168267095993141e-05 15.365551124313873 0.027354663089177944 0.0526373624764713 0.0 0.0030302101551986636 0.0
698587.9746785263 4.168267095993141e-05 15.365555022766966 0.027354664438187935 0.05263737804985152 0.0 0.003030210330795738 0.0
784282.2061337682 0.0018143583676534258 17.493493481786427 0.027354663089177944 0.05263738369122683 0.0 0.003030210330795738 0.0
880488.3581643483 0.0018143583676534258 17.493493481786427 0.02612773152428687 0.05206620875607228 0.0 0.003030210048253498 0.0
988495.9046625586 0.003578585540938996 17.493495431012974 0.025993582931807674 0.05455943987853815 0.0 0.0030154357077743048 0.0
1109752.4964120744 0.003578585540938996 17.49349932946607 0.025993575482000077 0.05455943987853815 0.0 0.003015435397383882 0.0
1245883.3642950081 0.003578585540938996 17.493501278692616 0.02599357490183255 0.054559435318756934 0.0 0.003015435252772065 0.0
1398713.1026472414 0.00507540521983377 17.493501278692616 0.024712492098320483 0.054559435318756934 0.0 0.0030154354860441788 0.0
1570290.1247293775 0.011372333991075467 17.493503227919163 0.024712492098320483 0.05455944663354505 0.0 0.0029896256319012614 0.0
1762914.1180959516 0.020761095835063272 17.493505177145707 0.02471249256914745 0.06544103594310138 0.0 0.0029896256319012614 0.0
1979166.8678535575 0.020761086317355522 17.73377073977046 0.024320424844691133 0.06137750637019047 0.0 0.0029871246033268575 0.0
2221946.8609395283 0.02076111487047877 17.73377073977046 0.024320423713599357 0.06137750637019047 0.0 0.0029871235170254944 0.0
2494508.135230317 0.020761124388186517 17.73377073977046 0.024320423713599357 0.060918497859011995 0.0 0.002972995109109282 0.0
2800503.8941836366 0.020761124388186517 17.73377073977046 0.024320423569838583 0.060918497859011995 0.0 0.002972994832446616 0.0
3144035.4715915 0.032741478103363586 17.73377073977046 0.024320423569838583 0.07475815746331871 0.0 0.00297299487514362 0.0
3529707.302730657 0.032741478103363586 17.73377073977046 0.02356953905093737 0.07475813953870855 0.0 0.002959199347941478 0.0
3962688.638701478 0.026059046001015548 19.354186158932137 0.02356953905093737 0.07132829657883291 0.0 0.002959199344983244 0.0
4448782.831127594 0.026059036483307797 19.354186158932137 0.02356953565499627 0.07132831377179745 0.0 0.002959199523626273 0.0
4994505.11585514 0.059229384401363286 19.354186158932137 0.02356952956700676 0.07132831377179745 0.0 0.0029591988716436038 0.0
5607169.938205469 0.059229384401363286 19.354186158932137 0.023569531756255868 0.07132831355150104 0.0 0.0029591992752287383 0.0
6294988.990221888 0.059229384401363286 19.354186158932137 0.02356953736679309 0.07132830899846188 0.0 0.0029591988579303866 0.0
7067181.273927506 0.05922941866511119 19.354186158932137 0.022967406673550173 0.07132832053387034 0.0 0.002959198700214184 0.0
7934096.665797492 0.05922941866511119 19.354186158932137 0.022967405636967673 0.07132833640202159 0.0 0.002974042552258627 0.0
8907354.638610458 0.05922944912177598 19.354186158932137 0.022967404896347663 0.07132833640202159 0.0 0.002974042552258627 0.0
10000000.0 0.05922941866511119 19.354186158932137 0.0229673981662566 0.07132833640202159 0.0 0.002983717970202914 0.0
