0.000000000000000000e+00,2.684491926324581931e-04,0.000000000000000000e+00,0.000000000000000000e+00,0.000000000000000000e+00,0.000000000000000000e+00,0.000000000000000000e+00
0.000000000000000000e+00,3.805014633846853810e-04,0.000000000000000000e+00,0.000000000000000000e+00,0.000000000000000000e+00,0.000000000000000000e+00,0.000000000000000000e+00
0.000000000000000000e+00,3.702633172095178915e-04,0.000000000000000000e+00,0.000000000000000000e+00,0.000000000000000000e+00,0.000000000000000000e+00,0.000000000000000000e+00
0.000000000000000000e+00,4.482716768087740959e-04,0.000000000000000000e+00,0.000000000000000000e+00,0.000000000000000000e+00,0.000000000000000000e+00,0.000000000000000000e+00
0.000000000000000000e+00,4.482716768087740959e-04,0.000000000000000000e+00,0.000000000000000000e+00,0.000000000000000000e+00,0.000000000000000000e+00,0.000000000000000000e+00
0.000000000000000000e+00,5.077784379085380608e-04,0.000000000000000000e+00,0.000000000000000000e+00,0.000000000000000000e+00,0.000000000000000000e+00,0.000000000000000000e+00
0.000000000000000000e+00,5.231688390234987517e-04,0.000000000000000000e+00,0.000000000000000000e+00,0.000000000000000000e+00,0.000000000000000000e+00,0.000000000000000000e+00
0.000000000000000000e+00,5.231688390234987517e-04,0.000000000000000000e+00,0.000000000000000000e+00,0.000000000000000000e+00,0.000000000000000000e+00,0.000000000000000000e+00
0.000000000000000000e+00,5.231688390234987517e-04,0.000000000000000000e+00,0.000000000000000000e+00,0.000000000000000000e+00,0.000000000000000000e+00,0.000000000000000000e+00
0.000000000000000000e+00,7.410840895361529412e-04,0.000000000000000000e+00,0.000000000000000000e+00,0.000000000000000000e+00,0.000000000000000000e+00,0.000000000000000000e+00
0.000000000000000000e+00,7.412332796051116293e-04,0.000000000000000000e+00,0.000000000000000000e+00,0.000000000000000000e+00,0.000000000000000000e+00,0.000000000000000000e+00
0.000000000000000000e+00,7.412332796051116293e-04,0.000000000000000000e+00,0.000000000000000000e+00,0.000000000000000000e+00,0.000000000000000000e+00,0.000000000000000000e+00
0.000000000000000000e+00,7.452226862935963083e-04,0.000000000000000000e+00,0.000000000000000000e+00,0.000000000000000000e+00,0.000000000000000000e+00,0.000000000000000000e+00
0.000000000000000000e+00,7.452226862935963083e-04,0.000000000000000000e+00,0.000000000000000000e+00,0.000000000000000000e+00,0.000000000000000000e+00,0.000000000000000000e+00
0.000000000000000000e+00,9.895837057136490193e-04,0.000000000000000000e+00,0.000000000000000000e+00,0.000000000000000000e+00,0.000000000000000000e+00,0.000000000000000000e+00
0.000000000000000000e+00,9.898011555928669380e-04,0.000000000000000000e+00,0.000000000000000000e+00,0.000000000000000000e+00,0.000000000000000000e+00,0.000000000000000000e+00
0.000000000000000000e+00,1.045776966089260020e-03,0.000000000000000000e+00,0.000000000000000000e+00,0.000000000000000000e+00,0.000000000000000000e+00,0.000000000000000000e+00
0.000000000000000000e+00,1.049389203865371163e-03,0.000000000000000000e+00,0.000000000000000000e+00,0.000000000000000000e+00,0.000000000000000000e+00,0.000000000000000000e+00
0.000000000000000000e+00,1.053289471272223074e-03,0.000000000000000000e+00,0.000000000000000000e+00,0.000000000000000000e+00,0.000000000000000000e+00,0.000000000000000000e+00
0.000000000000000000e+00,1.786101007176016517e-03,0.000000000000000000e+00,0.000000000000000000e+00,0.000000000000000000e+00,0.000000000000000000e+00,0.000000000000000000e+00
0.000000000000000000e+00,1.786101007176016517e-03,0.000000000000000000e+00,0.000000000000000000e+00,0.000000000000000000e+00,0.000000000000000000e+00,0.000000000000000000e+00
0.000000000000000000e+00,1.786101007176016517e-03,0.000000000000000000e+00,0.000000000000000000e+00,0.000000000000000000e+00,0.000000000000000000e+00,0.000000000000000000e+00
0.000000000000000000e+00,1.786101007176016517e-03,0.000000000000000000e+00,0.000000000000000000e+00,0.000000000000000000e+00,0.000000000000000000e+00,0.000000000000000000e+00
0.000000000000000000e+00,2.345935848658670195e-03,0.000000000000000000e+00,0.000000000000000000e+00,0.000000000000000000e+00,0.000000000000000000e+00,0.000000000000000000e+00
0.000000000000000000e+00,2.345935848658670195e-03,0.000000000000000000e+00,0.000000000000000000e+00,0.000000000000000000e+00,0.000000000000000000e+00,0.000000000000000000e+00
0.000000000000000000e+00,2.345935848658670195e-03,0.000000000000000000e+00,0.000000000000000000e+00,0.000000000000000000e+00,0.000000000000000000e+00,0.000000000000000000e+00
0.000000000000000000e+00,2.345935848658670195e-03,0.000000000000000000e+00,0.000000000000000000e+00,0.000000000000000000e+00,0.000000000000000000e+00,0.000000000000000000e+00
0.000000000000000000e+00,2.345935848658670195e-03,0.000000000000000000e+00,0.000000000000000000e+00,0.000000000000000000e+00,0.000000000000000000e+00,0.000000000000000000e+00
0.000000000000000000e+00,2.846450327399248272e-03,0.000000000000000000e+00,0.000000000000000000e+00,0.000000000000000000e+00,0.000000000000000000e+00,0.000000000000000000e+00
0.000000000000000000e+00,2.846450327399248272e-03,0.000000000000000000e+00,0.000000000000000000e+00,0.000000000000000000e+00,0.000000000000000000e+00,0.000000000000000000e+00
0.000000000000000000e+00,2.846459428707282750e-03,0.000000000000000000e+00,0.000000000000000000e+00,0.000000000000000000e+00,0.000000000000000000e+00,0.000000000000000000e+00
0.000000000000000000e+00,2.846459428707282750e-03,0.000000000000000000e+00,0.000000000000000000e+00,0.000000000000000000e+00,0.000000000000000000e+00,0.000000000000000000e+00
0.000000000000000000e+00,2.846459428707282750e-03,0.000000000000000000e+00,0.000000000000000000e+00,0.000000000000000000e+00,0.000000000000000000e+00,0.000000000000000000e+00
0.000000000000000000e+00,4.622214568589261968e-03,0.000000000000000000e+00,0.000000000000000000e+00,0.000000000000000000e+00,0.000000000000000000e+00,0.000000000000000000e+00
0.000000000000000000e+00,4.622214568589261968e-03,0.000000000000000000e+00,0.000000000000000000e+00,0.000000000000000000e+00,0.000000000000000000e+00,0.000000000000000000e+00
0.000000000000000000e+00,4.622214568589261968e-03,0.000000000000000000e+00,0.000000000000000000e+00,0.000000000000000000e+00,0.000000000000000000e+00,0.000000000000000000e+00
0.000000000000000000e+00,4.622220636127951331e-03,0.000000000000000000e+00,0.000000000000000000e+00,0.000000000000000000e+00,0.000000000000000000e+00,0.000000000000000000e+00
0.000000000000000000e+00,4.622254542961805844e-03,0.000000000000000000e+00,0.000000000000000000e+00,0.000000000000000000e+00,0.000000000000000000e+00,0.000000000000000000e+00
0.000000000000000000e+00,4.622254542961805844e-03,0.000000000000000000e+00,0.000000000000000000e+00,0.000000000000000000e+00,0.000000000000000000e+00,0.000000000000000000e+00
0.000000000000000000e+00,4.622873788822197232e-03,0.000000000000000000e+00,0.000000000000000000e+00,0.000000000000000000e+00,0.000000000000000000e+00,0.000000000000000000e+00
0.000000000000000000e+00,8.722133265284006537e-03,0.000000000000000000e+00,0.000000000000000000e+00,0.000000000000000000e+00,0.000000000000000000e+00,0.000000000000000000e+00
0.000000000000000000e+00,8.722148969501792096e-03,0.000000000000000000e+00,0.000000000000000000e+00,0.000000000000000000e+00,0.000000000000000000e+00,0.000000000000000000e+00
0.000000000000000000e+00,8.722148969501792096e-03,0.000000000000000000e+00,0.000000000000000000e+00,0.000000000000000000e+00,0.000000000000000000e+00,0.000000000000000000e+00
0.000000000000000000e+00,8.722148969501792096e-03,0.000000000000000000e+00,0.000000000000000000e+00,0.000000000000000000e+00,0.000000000000000000e+00,0.000000000000000000e+00
0.000000000000000000e+00,8.722148969501792096e-03,0.000000000000000000e+00,0.000000000000000000e+00,0.000000000000000000e+00,0.000000000000000000e+00,0.000000000000000000e+00
0.000000000000000000e+00,8.722156107782604029e-03,0.000000000000000000e+00,0.000000000000000000e+00,0.000000000000000000e+00,0.000000000000000000e+00,0.000000000000000000e+00
0.000000000000000000e+00,8.727037978029535820e-03,0.000000000000000000e+00,0.000000000000000000e+00,0.000000000000000000e+00,0.000000000000000000e+00,0.000000000000000000e+00
0.000000000000000000e+00,8.727706834941567279e-03,0.000000000000000000e+00,0.000000000000000000e+00,0.000000000000000000e+00,0.000000000000000000e+00,0.000000000000000000e+00
0.000000000000000000e+00,2.929561295195253975e-02,0.000000000000000000e+00,0.000000000000000000e+00,0.000000000000000000e+00,0.000000000000000000e+00,0.000000000000000000e+00
0.000000000000000000e+00,2.929568719007297900e-02,0.000000000000000000e+00,0.000000000000000000e+00,0.000000000000000000e+00,0.000000000000000000e+00,0.000000000000000000e+00
0.000000000000000000e+00,2.929587564068640224e-02,0.000000000000000000e+00,0.000000000000000000e+00,0.000000000000000000e+00,0.000000000000000000e+00,0.000000000000000000e+00
0.000000000000000000e+00,2.929634962253227851e-02,0.000000000000000000e+00,0.000000000000000000e+00,0.000000000000000000e+00,0.000000000000000000e+00,0.000000000000000000e+00
0.000000000000000000e+00,2.929634962253227851e-02,0.000000000000000000e+00,0.000000000000000000e+00,0.000000000000000000e+00,0.000000000000000000e+00,0.000000000000000000e+00
0.000000000000000000e+00,2.929634962253227851e-02,0.000000000000000000e+00,0.000000000000000000e+00,0.000000000000000000e+00,0.000000000000000000e+00,0.000000000000000000e+00
0.000000000000000000e+00,2.929634962253227851e-02,0.000000000000000000e+00,0.000000000000000000e+00,0.000000000000000000e+00,0.000000000000000000e+00,0.000000000000000000e+00
0.000000000000000000e+00,2.929639245221714663e-02,0.000000000000000000e+00,0.000000000000000000e+00,0.000000000000000000e+00,0.000000000000000000e+00,0.000000000000000000e+00
0.000000000000000000e+00,2.929639245221714663e-02,0.000000000000000000e+00,0.000000000000000000e+00,0.000000000000000000e+00,0.000000000000000000e+00,0.000000000000000000e+00
0.000000000000000000e+00,2.929660945595381413e-02,0.000000000000000000e+00,0.000000000000000000e+00,0.000000000000000000e+00,0.000000000000000000e+00,0.000000000000000000e+00
0.000000000000000000e+00,7.494225187929803855e-02,0.000000000000000000e+00,0.000000000000000000e+00,0.000000000000000000e+00,0.000000000000000000e+00,0.000000000000000000e+00
0.000000000000000000e+00,7.494672900902296653e-02,0.000000000000000000e+00,0.000000000000000000e+00,0.000000000000000000e+00,0.000000000000000000e+00,0.000000000000000000e+00
0.000000000000000000e+00,7.494672900902296653e-02,0.000000000000000000e+00,0.000000000000000000e+00,0.000000000000000000e+00,0.000000000000000000e+00,0.000000000000000000e+00
0.000000000000000000e+00,7.494672900902296653e-02,0.000000000000000000e+00,0.000000000000000000e+00,0.000000000000000000e+00,0.000000000000000000e+00,0.000000000000000000e+00
0.000000000000000000e+00,7.494672900902296653e-02,0.000000000000000000e+00,0.000000000000000000e+00,0.000000000000000000e+00,0.000000000000000000e+00,0.000000000000000000e+00
0.000000000000000000e+00,7.494672900902296653e-02,0.000000000000000000e+00,0.000000000000000000e+00,0.000000000000000000e+00,0.000000000000000000e+00,0.000000000000000000e+00
0.000000000000000000e+00,7.494672900902296653e-02,0.000000000000000000e+00,0.000000000000000000e+00,0.000000000000000000e+00,0.000000000000000000e+00,0.000000000000000000e+00
0.000000000000000000e+00,7.494672900902296653e-02,0.000000000000000000e+00,0.000000000000000000e+00,0.000000000000000000e+00,0.000000000000000000e+00,0.000000000000000000e+00
0.000000000000000000e+00,7.494672900902296653e-02,0.000000000000000000e+00,0.000000000000000000e+00,0.000000000000000000e+00,0.000000000000000000e+00,0.000000000000000000e+00
0.000000000000000000e+00,7.494672900902296653e-02,0.000000000000000000e+00,0.000000000000000000e+00,0.000000000000000000e+00,0.000000000000000000e+00,0.000000000000000000e+00
0.000000000000000000e+00,7.494672900902296653e-02,0.000000000000000000e+00,0.000000000000000000e+00,0.000000000000000000e+00,0.000000000000000000e+00,0.000000000000000000e+00
0.000000000000000000e+00,7.494672900902296653e-02,0.000000000000000000e+00,0.000000000000000000e+00,0.000000000000000000e+00,0.000000000000000000e+00,0.000000000000000000e+00
0.000000000000000000e+00,1.800578111659980884e-01,0.000000000000000000e+00,0.000000000000000000e+00,0.000000000000000000e+00,0.000000000000000000e+00,0.000000000000000000e+00
0.000000000000000000e+00,1.800578111659980884e-01,0.000000000000000000e+00,0.000000000000000000e+00,0.000000000000000000e+00,0.000000000000000000e+00,0.000000000000000000e+00
0.000000000000000000e+00,1.800578111659980884e-01,0.000000000000000000e+00,0.000000000000000000e+00,0.000000000000000000e+00,0.000000000000000000e+00,0.000000000000000000e+00
0.000000000000000000e+00,1.800578111659980884e-01,0.000000000000000000e+00,0.000000000000000000e+00,0.000000000000000000e+00,0.000000000000000000e+00,0.000000000000000000e+00
0.000000000000000000e+00,1.800578111659980884e-01,0.000000000000000000e+00,0.000000000000000000e+00,0.000000000000000000e+00,0.000000000000000000e+00,0.000000000000000000e+00
0.000000000000000000e+00,1.800578111659980884e-01,0.000000000000000000e+00,0.000000000000000000e+00,0.000000000000000000e+00,0.000000000000000000e+00,0.000000000000000000e+00
0.000000000000000000e+00,1.800578111659980884e-01,0.000000000000000000e+00,0.000000000000000000e+00,0.000000000000000000e+00,0.000000000000000000e+00,0.000000000000000000e+00
0.000000000000000000e+00,1.800578111659980884e-01,0.000000000000000000e+00,0.000000000000000000e+00,0.000000000000000000e+00,0.000000000000000000e+00,0.000000000000000000e+00
0.000000000000000000e+00,1.800578111659980884e-01,0.000000000000000000e+00,0.000000000000000000e+00,0.000000000000000000e+00,0.000000000000000000e+00,0.000000000000000000e+00
0.000000000000000000e+00,1.800578111659980884e-01,0.000000000000000000e+00,0.000000000000000000e+00,0.000000000000000000e+00,0.000000000000000000e+00,0.000000000000000000e+00
0.000000000000000000e+00,1.800578111659980884e-01,0.000000000000000000e+00,0.000000000000000000e+00,0.000000000000000000e+00,0.000000000000000000e+00,0.000000000000000000e+00
0.000000000000000000e+00,1.800578111659980884e-01,0.000000000000000000e+00,0.000000000000000000e+00,0.000000000000000000e+00,0.000000000000000000e+00,0.000000000000000000e+00
0.000000000000000000e+00,1.800578111659980884e-01,0.000000000000000000e+00,0.000000000000000000e+00,0.000000000000000000e+00,0.000000000000000000e+00,0.000000000000000000e+00
0.000000000000000000e+00,1.800578111659980884e-01,0.000000000000000000e+00,0.000000000000000000e+00,0.000000000000000000e+00,0.000000000000000000e+00,0.000000000000000000e+00
0.000000000000000000e+00,1.800578111659980884e-01,0.000000000000000000e+00,0.000000000000000000e+00,0.000000000000000000e+00,0.000000000000000000e+00,0.000000000000000000e+00
0.000000000000000000e+00,2.792977201724480829e-01,0.000000000000000000e+00,0.000000000000000000e+00,3.716836437972738724e-05,5.748329265840344360e-05,0.000000000000000000e+00
0.000000000000000000e+00,2.792977201724480829e-01,0.000000000000000000e+00,0.000000000000000000e+00,3.716794462870784090e-05,5.748329265840344360e-05,0.000000000000000000e+00
0.000000000000000000e+00,2.792977201724480829e-01,0.000000000000000000e+00,0.000000000000000000e+00,3.716878787852389079e-05,5.748329265840344360e-05,0.000000000000000000e+00
0.000000000000000000e+00,2.792977201724480829e-01,0.000000000000000000e+00,0.000000000000000000e+00,3.716878787852389079e-05,5.748329265840344360e-05,0.000000000000000000e+00
0.000000000000000000e+00,2.792977201724480829e-01,0.000000000000000000e+00,0.000000000000000000e+00,3.716836437972738724e-05,5.748276744124151998e-05,0.000000000000000000e+00
0.000000000000000000e+00,2.792977201724480829e-01,2.901878473472206850e-03,0.000000000000000000e+00,3.716836437972738724e-05,5.748433934117611743e-05,3.450138881953075838e-03
0.000000000000000000e+00,2.792977201724480829e-01,2.901878473472206850e-03,0.000000000000000000e+00,3.711993185807041837e-05,5.748433934117611743e-05,3.450130693840257855e-03
0.000000000000000000e+00,2.792977201724480829e-01,2.901878473472206850e-03,0.000000000000000000e+00,3.861874641786878365e-03,3.606608987214702210e-03,3.450130693840257855e-03
0.000000000000000000e+00,2.792977201724480829e-01,2.901878473472206850e-03,0.000000000000000000e+00,3.861874641786878365e-03,3.606617390689292879e-03,3.450130693840257855e-03
0.000000000000000000e+00,2.792977201724480829e-01,2.901878473472206850e-03,0.000000000000000000e+00,3.861874641786878365e-03,3.606604905527043773e-03,3.450130693840257855e-03
0.000000000000000000e+00,2.792977201724480829e-01,2.901878473472206850e-03,4.155407723356324343e-03,3.861874641786878365e-03,3.606604905527043773e-03,3.450130693840257855e-03
0.000000000000000000e+00,2.792977201724480829e-01,2.901878473472206850e-03,4.155413043715132371e-03,3.861874641786878365e-03,3.606604905527043773e-03,3.450130693840257855e-03
0.000000000000000000e+00,2.792977201724480829e-01,2.901875074429327659e-03,4.155413043715132371e-03,3.861874641786878365e-03,3.606604905527043773e-03,3.450130693840257855e-03
0.000000000000000000e+00,2.792977201724480829e-01,2.901875074429327659e-03,4.155413043715132371e-03,3.861874641786878365e-03,3.606604905527043773e-03,3.450130693840257855e-03
0.000000000000000000e+00,2.792977201724480829e-01,2.901871189808894174e-03,4.155413043715132371e-03,3.861874641786878365e-03,3.606608987214702210e-03,3.450130693840257855e-03
0.000000000000000000e+00,2.792977201724480829e-01,2.901871189808894174e-03,4.155413043715132371e-03,3.861874641786878365e-03,3.606608987214702210e-03,3.450142976009484396e-03
0.000000000000000000e+00,2.792977201724480829e-01,2.901871189808894174e-03,4.155413043715132371e-03,3.861874641786878365e-03,3.606608987214702210e-03,3.450142976009484396e-03
0.000000000000000000e+00,2.792977201724480829e-01,2.901871189808894174e-03,4.155402735519940841e-03,3.861874641786878365e-03,3.606608987214702210e-03,3.450146829239045775e-03
0.000000000000000000e+00,2.792977201724480829e-01,2.901871189808894174e-03,4.155402735519940841e-03,3.861874641786878365e-03,3.606608987214702210e-03,3.450126599783849297e-03
0.000000000000000000e+00,2.792977201724480829e-01,1.899906476986141235e-01,4.155402735519940841e-03,3.861866006908762014e-03,3.606608987214702210e-03,1.884553697374131975e-01
0.000000000000000000e+00,2.792977201724480829e-01,1.899906476986141235e-01,4.155402735519940841e-03,3.861866006908762014e-03,3.606592420364794667e-03,1.884553697374131975e-01
0.000000000000000000e+00,2.792977201724480829e-01,1.899906476986141235e-01,4.155424016955174688e-03,3.861866006908762014e-03,1.878860181672095397e-01,1.884553697374131975e-01
0.000000000000000000e+00,2.792977201724480829e-01,1.899906476986141235e-01,2.602103431520768062e-01,1.876969980282083006e-01,1.878860181672095397e-01,1.884553697374131975e-01
0.000000000000000000e+00,2.792977201724480829e-01,1.899906476986141235e-01,2.602103431520768062e-01,1.876969980282083006e-01,1.878860181672095397e-01,1.884553697374131975e-01
0.000000000000000000e+00,2.792977201724480829e-01,1.899906476986141235e-01,2.602103431520768062e-01,1.876970594317860230e-01,1.878860181672095397e-01,1.884554313890861865e-01
0.000000000000000000e+00,2.792977201724480829e-01,1.899906476986141235e-01,2.602103431520768062e-01,1.876970594317860230e-01,1.878860181672095397e-01,1.884554313890861865e-01
0.000000000000000000e+00,2.792977201724480829e-01,1.899906476986141235e-01,2.602103431520768062e-01,1.876970594317860230e-01,1.878860181672095397e-01,1.884554313890861865e-01
0.000000000000000000e+00,2.792977201724480829e-01,1.899906476986141235e-01,2.602103431520768062e-01,1.876970594317860230e-01,1.878860181672095397e-01,1.884554313890861865e-01
0.000000000000000000e+00,2.792977201724480829e-01,1.899906476986141235e-01,2.602103431520768062e-01,1.876970594317860230e-01,1.878860181672095397e-01,1.884554313890861865e-01
0.000000000000000000e+00,2.792977201724480829e-01,1.899906476986141235e-01,2.602103431520768062e-01,1.876970594317860230e-01,1.878860181672095397e-01,1.884554313890861865e-01
0.000000000000000000e+00,2.792977201724480829e-01,1.899906476986141235e-01,2.602103431520768062e-01,1.876970594317860230e-01,1.878860181672095397e-01,1.884554313890861865e-01
0.000000000000000000e+00,2.792977201724480829e-01,1.899906476986141235e-01,2.602103431520768062e-01,1.876970594317860230e-01,1.878860181672095397e-01,1.884554313890861865e-01
0.000000000000000000e+00,2.792977201724480829e-01,1.899906476986141235e-01,2.602103431520768062e-01,1.876970594317860230e-01,1.878860181672095397e-01,1.884554313890861865e-01
0.000000000000000000e+00,2.792977201724480829e-01,1.899906476986141235e-01,2.602103431520768062e-01,1.876970594317860230e-01,1.878860181672095397e-01,1.884554313890861865e-01
0.000000000000000000e+00,2.792977201724480829e-01,1.899906476986141235e-01,2.602103431520768062e-01,1.876970594317860230e-01,1.878860181672095397e-01,1.884554313890861865e-01
0.000000000000000000e+00,2.792977201724480829e-01,1.899906476986141235e-01,2.602103431520768062e-01,1.876970594317860230e-01,1.878860181672095397e-01,1.884554313890861865e-01
0.000000000000000000e+00,2.792977201724480829e-01,1.899906476986141235e-01,2.602103431520768062e-01,1.876970594317860230e-01,1.878860181672095397e-01,1.884554313890861865e-01
0.000000000000000000e+00,2.792977201724480829e-01,1.899906476986141235e-01,2.602103431520768062e-01,1.876970594317860230e-01,1.878860181672095397e-01,1.884554313890861865e-01
0.000000000000000000e+00,2.792977201724480829e-01,1.899906476986141235e-01,2.602103431520768062e-01,1.876970594317860230e-01,1.878860181672095397e-01,1.884554313890861865e-01
0.000000000000000000e+00,2.792977201724480829e-01,1.899906476986141235e-01,2.602103431520768062e-01,1.876970594317860230e-01,1.878860181672095397e-01,1.884554313890861865e-01
0.000000000000000000e+00,2.792977201724480829e-01,1.899906476986141235e-01,2.602103431520768062e-01,1.876970594317860230e-01,1.878860181672095397e-01,1.884554313890861865e-01
0.000000000000000000e+00,2.792977201724480829e-01,1.899906476986141235e-01,2.602103431520768062e-01,1.876970594317860230e-01,1.878860181672095397e-01,1.884554313890861865e-01
0.000000000000000000e+00,2.792977201724480829e-01,1.899906476986141235e-01,2.602103431520768062e-01,1.876970594317860230e-01,1.878860181672095397e-01,1.884554313890861865e-01
0.000000000000000000e+00,2.792977201724480829e-01,1.899906476986141235e-01,2.602103431520768062e-01,1.876970594317860230e-01,1.878860181672095397e-01,1.884554313890861865e-01
0.000000000000000000e+00,2.792977201724480829e-01,1.899906476986141235e-01,2.602103431520768062e-01,1.876970594317860230e-01,1.878860181672095397e-01,1.884554313890861865e-01
0.000000000000000000e+00,2.792977201724480829e-01,1.899906476986141235e-01,2.602104282778177069e-01,1.876970594317860230e-01,1.878860181672095397e-01,1.884554313890861865e-01
0.000000000000000000e+00,2.792977201724480829e-01,1.899906476986141235e-01,2.602104282778177069e-01,1.876970594317860230e-01,1.878860181672095397e-01,1.884554313890861865e-01
0.000000000000000000e+00,2.792977201724480829e-01,1.899906476986141235e-01,2.602104282778177069e-01,1.876970594317860230e-01,1.878860181672095397e-01,1.884554313890861865e-01
0.000000000000000000e+00,2.792977201724480829e-01,1.899906476986141235e-01,2.602104282778177069e-01,1.876970594317860230e-01,1.878860181672095397e-01,1.884554313890861865e-01
0.000000000000000000e+00,2.792977201724480829e-01,1.899906476986141235e-01,2.602104282778177069e-01,1.876970594317860230e-01,1.878860181672095397e-01,1.884554313890861865e-01
0.000000000000000000e+00,2.792977201724480829e-01,1.899907098525410454e-01,2.602104282778177069e-01,1.876970594317860230e-01,1.878860181672095397e-01,1.884554313890861865e-01
0.000000000000000000e+00,2.792977201724480829e-01,1.899907098525410454e-01,2.602104282778177069e-01,1.876970594317860230e-01,1.878860181672095397e-01,1.884554313890861865e-01
0.000000000000000000e+00,2.792977201724480829e-01,1.899907098525410454e-01,2.602104282778177069e-01,1.876970594317860230e-01,1.878860796326236871e-01,1.884554313890861865e-01
0.000000000000000000e+00,2.792977201724480829e-01,1.899907098525410454e-01,2.602104282778177069e-01,1.876970594317860230e-01,1.878860796326236871e-01,1.884554313890861865e-01
0.000000000000000000e+00,2.792977201724480829e-01,1.899907098525410454e-01,2.602104282778177069e-01,1.876970594317860230e-01,1.878860796326236871e-01,1.884554313890861865e-01
0.000000000000000000e+00,2.792977201724480829e-01,1.899907098525410454e-01,2.602104282778177069e-01,1.876970594317860230e-01,1.878860796326236871e-01,1.884554313890861865e-01
0.000000000000000000e+00,2.792977201724480829e-01,1.899907098525410454e-01,2.602104282778177069e-01,1.876970594317860230e-01,1.878860796326236871e-01,1.884554313890861865e-01
0.000000000000000000e+00,2.792977201724480829e-01,1.899907098525410454e-01,2.602104282778177069e-01,1.876970594317860230e-01,1.878860796326236871e-01,1.884554313890861865e-01
0.000000000000000000e+00,2.792977201724480829e-01,1.899907098525410454e-01,2.602104282778177069e-01,1.876970594317860230e-01,1.878860796326236871e-01,1.884554313890861865e-01
0.000000000000000000e+00,2.792977201724480829e-01,1.899907098525410454e-01,2.602104282778177069e-01,1.876970594317860230e-01,1.878860796326236871e-01,1.884554313890861865e-01
0.000000000000000000e+00,2.792977201724480829e-01,1.899907098525410454e-01,2.602104282778177069e-01,1.876970594317860230e-01,1.878860796326236871e-01,1.884554313890861865e-01
0.000000000000000000e+00,2.792977201724480829e-01,1.899907098525410454e-01,2.602104282778177069e-01,1.876970594317860230e-01,1.878860796326236871e-01,1.884554313890861865e-01
0.000000000000000000e+00,2.792977201724480829e-01,1.899907098525410454e-01,2.602104282778177069e-01,1.876970594317860230e-01,1.878860796326236871e-01,1.884554313890861865e-01
0.000000000000000000e+00,2.792977201724480829e-01,1.899907098525410454e-01,2.602104282778177069e-01,1.876970594317860230e-01,1.878860796326236871e-01,1.884554313890861865e-01
0.000000000000000000e+00,2.792977201724480829e-01,1.899907098525410454e-01,2.602104282778177069e-01,1.876970594317860230e-01,1.878860796326236871e-01,1.884554313890861865e-01
0.000000000000000000e+00,2.792977201724480829e-01,1.899907098525410454e-01,2.602104282778177069e-01,1.876970594317860230e-01,1.878860796326236871e-01,1.884554313890861865e-01
0.000000000000000000e+00,2.792977201724480829e-01,1.899907098525410454e-01,2.602104282778177069e-01,1.876970594317860230e-01,1.878860796326236871e-01,1.884554313890861865e-01
0.000000000000000000e+00,2.792977201724480829e-01,1.899907098525410454e-01,2.602104282778177069e-01,1.876970594317860230e-01,1.878860796326236871e-01,1.884554313890861865e-01
0.000000000000000000e+00,2.792977201724480829e-01,1.899907098525410454e-01,2.602104282778177069e-01,1.876970594317860230e-01,1.878860796326236871e-01,1.884554313890861865e-01
0.000000000000000000e+00,2.792977201724480829e-01,1.899907098525410454e-01,2.602104282778177069e-01,1.876970594317860230e-01,1.878860796326236871e-01,1.884554313890861865e-01
0.000000000000000000e+00,2.792977201724480829e-01,1.899907098525410454e-01,2.602104282778177069e-01,1.876970594317860230e-01,1.878860796326236871e-01,1.884554313890861865e-01
0.000000000000000000e+00,2.792977201724480829e-01,1.899907098525410454e-01,2.602104282778177069e-01,1.876970594317860230e-01,1.878860796326236871e-01,1.884554313890861865e-01
0.000000000000000000e+00,2.792977201724480829e-01,1.899907098525410454e-01,2.602104282778177069e-01,1.876970594317860230e-01,1.878860796326236871e-01,1.884554313890861865e-01
0.000000000000000000e+00,2.792977201724480829e-01,1.899907098525410454e-01,2.602104282778177069e-01,1.876970594317860230e-01,1.878860796326236871e-01,1.884554313890861865e-01
0.000000000000000000e+00,2.792977201724480829e-01,1.899907098525410454e-01,2.602104282778177069e-01,1.876970594317860230e-01,1.878860796326236871e-01,1.884554313890861865e-01
0.000000000000000000e+00,2.792977201724480829e-01,1.899907098525410454e-01,2.602104282778177069e-01,1.876970594317860230e-01,1.878860796326236871e-01,1.884554313890861865e-01
0.000000000000000000e+00,2.792977201724480829e-01,1.899907098525410454e-01,2.602104282778177069e-01,1.876970594317860230e-01,1.878860796326236871e-01,1.884554313890861865e-01
0.000000000000000000e+00,2.792977201724480829e-01,1.899907098525410454e-01,2.602104282778177069e-01,1.876970594317860230e-01,1.878860796326236871e-01,1.884554313890861865e-01
0.000000000000000000e+00,2.792977201724480829e-01,1.899907098525410454e-01,2.602104282778177069e-01,1.876970594317860230e-01,1.878860796326236871e-01,1.884554313890861865e-01
0.000000000000000000e+00,2.792977201724480829e-01,1.899907098525410454e-01,2.602104282778177069e-01,1.876970594317860230e-01,1.878860796326236871e-01,1.884554313890861865e-01
0.000000000000000000e+00,2.792977201724480829e-01,1.899907098525410454e-01,2.602104282778177069e-01,1.876970594317860230e-01,1.878860796326236871e-01,1.884554313890861865e-01
0.000000000000000000e+00,2.792977201724480829e-01,1.899907098525410454e-01,2.602104282778177069e-01,1.876970594317860230e-01,1.878860796326236871e-01,1.884554313890861865e-01
0.000000000000000000e+00,2.792977201724480829e-01,1.899907098525410454e-01,2.602104282778177069e-01,1.876970594317860230e-01,1.878860796326236871e-01,1.884554313890861865e-01
0.000000000000000000e+00,2.792977201724480829e-01,1.899907098525410454e-01,2.602104282778177069e-01,1.876970594317860230e-01,1.878860796326236871e-01,1.884554313890861865e-01
0.000000000000000000e+00,2.792977201724480829e-01,1.899907098525410454e-01,2.602104282778177069e-01,1.876970594317860230e-01,1.878860796326236871e-01,1.884554313890861865e-01
0.000000000000000000e+00,2.792977201724480829e-01,1.899907098525410454e-01,2.602104282778177069e-01,1.876970594317860230e-01,1.878860796326236871e-01,1.884554313890861865e-01
0.000000000000000000e+00,2.792977201724480829e-01,1.899907098525410454e-01,2.602104282778177069e-01,1.876970594317860230e-01,1.878860796326236871e-01,1.884554313890861865e-01
0.000000000000000000e+00,2.792977201724480829e-01,1.899907098525410454e-01,2.602104282778177069e-01,1.876970594317860230e-01,1.878860796326236871e-01,1.884554313890861865e-01
0.000000000000000000e+00,2.792977201724480829e-01,1.899907098525410454e-01,2.602104282778177069e-01,1.876970594317860230e-01,1.878860796326236871e-01,1.884554313890861865e-01
0.000000000000000000e+00,2.792977201724480829e-01,1.899907098525410454e-01,2.602104282778177069e-01,1.876970594317860230e-01,1.878860796326236871e-01,1.884554313890861865e-01
0.000000000000000000e+00,2.792977201724480829e-01,1.899907098525410454e-01,2.602104282778177069e-01,1.876970594317860230e-01,1.878860796326236871e-01,1.884554313890861865e-01
0.000000000000000000e+00,2.792977201724480829e-01,1.899907098525410454e-01,2.602104282778177069e-01,1.876970594317860230e-01,1.878860796326236871e-01,1.884554313890861865e-01
0.000000000000000000e+00,2.792977201724480829e-01,1.899907098525410454e-01,2.602104282778177069e-01,1.876970594317860230e-01,1.878860796326236871e-01,1.884554313890861865e-01
0.000000000000000000e+00,2.792977201724480829e-01,1.899907098525410454e-01,2.602104282778177069e-01,1.876970594317860230e-01,1.878860796326236871e-01,1.884554313890861865e-01
0.000000000000000000e+00,2.792977201724480829e-01,1.899907098525410454e-01,2.602104282778177069e-01,1.876970594317860230e-01,1.878860796326236871e-01,1.884554313890861865e-01
0.000000000000000000e+00,2.792977201724480829e-01,1.899907098525410454e-01,2.602104282778177069e-01,1.876970594317860230e-01,1.878860796326236871e-01,1.884554313890861865e-01
0.000000000000000000e+00,2.792977201724480829e-01,1.899907098525410454e-01,2.602104282778177069e-01,1.876970594317860230e-01,1.878860796326236871e-01,1.884554313890861865e-01
0.000000000000000000e+00,2.792977201724480829e-01,1.899907098525410454e-01,2.602104282778177069e-01,1.876970594317860230e-01,1.878860796326236871e-01,1.884554313890861865e-01
0.000000000000000000e+00,2.792977201724480829e-01,1.899907098525410454e-01,2.602104282778177069e-01,1.876970594317860230e-01,1.878860796326236871e-01,1.884554313890861865e-01
0.000000000000000000e+00,2.792977201724480829e-01,1.899907098525410454e-01,2.602104282778177069e-01,1.876970594317860230e-01,1.878860796326236871e-01,1.884554313890861865e-01
0.000000000000000000e+00,2.792977201724480829e-01,1.899907098525410454e-01,2.602104282778177069e-01,1.876970594317860230e-01,1.878860796326236871e-01,1.884554313890861865e-01
0.000000000000000000e+00,2.792977201724480829e-01,1.899907098525410454e-01,2.602104282778177069e-01,1.876970594317860230e-01,1.878860796326236871e-01,1.884554313890861865e-01
0.000000000000000000e+00,2.792977201724480829e-01,1.899907098525410454e-01,2.602104282778177069e-01,1.876970594317860230e-01,1.878860796326236871e-01,1.884554313890861865e-01
0.000000000000000000e+00,2.792977201724480829e-01,1.899907098525410454e-01,2.602104282778177069e-01,1.876970594317860230e-01,1.878860796326236871e-01,1.884554313890861865e-01
0.000000000000000000e+00,2.792977201724480829e-01,1.899907098525410454e-01,2.602104282778177069e-01,1.876970594317860230e-01,1.878860796326236871e-01,1.884554313890861865e-01
0.000000000000000000e+00,2.792977201724480829e-01,1.899907098525410454e-01,2.602104282778177069e-01,1.876970594317860230e-01,1.878860796326236871e-01,1.884554313890861865e-01
0.000000000000000000e+00,2.792977201724480829e-01,1.899907098525410454e-01,2.602104282778177069e-01,1.876970594317860230e-01,1.878860796326236871e-01,1.884554313890861865e-01
0.000000000000000000e+00,2.792977201724480829e-01,1.899907098525410454e-01,2.602104282778177069e-01,1.876970594317860230e-01,1.878860796326236871e-01,1.884554313890861865e-01
0.000000000000000000e+00,2.792977201724480829e-01,1.899907098525410454e-01,2.602104282778177069e-01,1.876970594317860230e-01,1.878860796326236871e-01,1.884554313890861865e-01
0.000000000000000000e+00,2.792977201724480829e-01,1.899907098525410454e-01,2.602104282778177069e-01,1.876970594317860230e-01,1.878860796326236871e-01,1.884554313890861865e-01
0.000000000000000000e+00,2.792977201724480829e-01,1.899907098525410454e-01,2.602104282778177069e-01,1.876970594317860230e-01,1.878860796326236871e-01,1.884554313890861865e-01
0.000000000000000000e+00,2.792977201724480829e-01,1.899907098525410454e-01,2.602104282778177069e-01,1.876970594317860230e-01,1.878860796326236871e-01,1.884554313890861865e-01
0.000000000000000000e+00,2.792977201724480829e-01,1.899907098525410454e-01,2.602104282778177069e-01,1.876970594317860230e-01,1.878860796326236871e-01,1.884554313890861865e-01
0.000000000000000000e+00,2.792977201724480829e-01,1.899907098525410454e-01,2.602104282778177069e-01,1.876970594317860230e-01,1.878860796326236871e-01,1.884554313890861865e-01
0.000000000000000000e+00,2.792977201724480829e-01,1.899907098525410454e-01,2.602104282778177069e-01,1.876970594317860230e-01,1.878860796326236871e-01,1.884554313890861865e-01
0.000000000000000000e+00,2.792977201724480829e-01,1.899907098525410454e-01,2.602104282778177069e-01,1.876970594317860230e-01,1.878860796326236871e-01,1.884554313890861865e-01
