0.0 0.0 18.59128617764471 0.051783018500626714 0.1350267640878527 0.0 0.0032824577990291865 0.0
0.001 0.0 18.59128617764471 0.051783018500626714 0.1350267640878527 0.0 0.0032824577990291865 0.0
0.0011226677735108135 0.0 18.59128617764471 0.051783018500626714 0.1350267640878527 0.0 0.0032824577990291865 0.0
0.0012603829296797275 0.0 18.59128617764471 0.051783018500626714 0.1350267640878527 0.0 0.0032824577990291865 0.0
0.0014149912974345759 0.0 18.59128617764471 0.051783018500626714 0.1350267640878527 0.0 0.0032824577990291865 0.0
0.0015885651294280528 0.0 18.59128617764471 0.051783018500626714 0.1350267640878527 0.0 0.0032824577990291865 0.0
0.0017834308769319094 0.0 18.59128617764471 0.051783018500626714 0.1350267640878527 0.0 0.0032824577990291865 0.0
0.0020022003718155844 0.0 18.59128617764471 0.051783018500626714 0.1350267640878527 0.0 0.0032824577990291865 0.0
0.002247805833548725 0.0 18.59128617764471 0.051783018500626714 0.1350267640878527 0.0 0.0032824577990291865 0.0
0.0025235391704347657 0.0 18.59128617764471 0.051783018500626714 0.1350267640878527 0.0 0.0032824577990291865 0.0
0.002833096101839324 0.0 18.59128617764471 0.051783018500626714 0.1350267640878527 0.0 0.0032824577990291865 0.0
0.0031806256927941192 0.0 18.59128617764471 0.051783018500626714 0.1350267640878527 0.0 0.0032824577990291865 0.0
0.003570785964900463 0.0 18.59128617764471 0.051783018500626714 0.1350267640878527 0.0 0.0032824577990291865 0.0
0.004008806328898464 0.0 18.59128617764471 0.051783018500626714 0.1350267640878527 0.0 0.0032824577990291865 0.0
0.004500557675700498 0.0 18.59128617764471 0.051783018500626714 0.1350267640878527 0.0 0.0032824577990291865 0.0
0.00505263106533568 0.0 18.59128617764471 0.051783018500626714 0.1350267640878527 0.0 0.0032824577990291865 0.0
0.005672426068491977 0.0 18.59128617764471 0.051783018500626714 0.1350267640878527 0.0 0.0032824577990291865 0.0
0.006368249944718587 0.0 18.59128617764471 0.051783018500626714 0.1350267640878527 0.0 0.0032824577990291865 0.0
0.007149428986597577 0.0 18.59128617764471 0.051783018500626714 0.1350267640878527 0.0 0.0032824577990291865 0.0
0.008026433522257174 0.0 18.59128617764471 0.051783018500626714 0.1350267640878527 0.0 0.0032824577990291865 0.0
0.009011018251665018 0.0 18.59128617764471 0.051783018500626714 0.1350267640878527 0.0 0.0032824577990291865 0.0
0.010116379797662075 0.0 18.59128617764471 0.051783018500626714 0.1350267640878527 0.0 0.003282452058754735 0.0
0.011357333583431058 0.0 18.59128617764471 0.051783018500626714 0.1350267640878527 0.0 0.003282452058754735 0.0
0.012750512407130135 0.0 18.59128617764471 0.051783018500626714 0.1350267640878527 0.0 0.003282452058754735 0.0
0.014314589375234792 0.0 18.59128617764471 0.051783018500626714 0.1350267640878527 0.0 0.003282452058754735 0.0
0.01607052818261639 0.0 18.59128617764471 0.051783018500626714 0.1350267640878527 0.0 0.003282452058754735 0.0
0.018041864093920727 0.0 18.59128617764471 0.051783018500626714 0.13503439561453165 0.0 0.003282452058754735 0.0
0.020255019392306676 0.0 18.59128617764471 0.051783018500626714 0.13503439561453165 0.0 0.003282452058754735 0.0
0.022739657523579287 0.0 18.59128617764471 0.051783018500626714 0.13503439561453165 0.0 0.003282452058754735 0.0
0.025529080682395178 0.0 18.59128617764471 0.051783018500626714 0.13503439561453165 0.0 0.003282452058754735 0.0
0.028660676169482518 0.0 18.59128617764471 0.051783018500626714 0.13503439561453165 0.0 0.003282452058754735 0.0
0.03217641750250737 0.0 18.59128617764471 0.051783018500626714 0.1348582679843194 0.0 0.003282452058754735 0.0
0.036123426997094324 0.0 18.59128617764471 0.051783018500626714 0.1348582679843194 0.0 0.003282452058754735 0.0
0.040554607358408296 0.0 18.59128617764471 0.0517734296285813 0.1348582679843194 0.0 0.003282452058754735 0.0
0.0455293507486695 0.0 18.59128617764471 0.0517734296285813 0.1348582679843194 0.0 0.003282452058754735 0.0
0.051114334834401684 0.0 18.59128617764471 0.0517734296285813 0.1348582679843194 0.0 0.003282452058754735 0.0
0.057384416483023955 0.0 18.59128617764471 0.0517734296285813 0.1348582679843194 0.0 0.003282452058754735 0.0
0.06442363508721373 0.0 18.59128617764471 0.0517734296285813 0.1348582679843194 0.0 0.003282452058754735 0.0
0.07232633896483537 0.0 18.59128617764471 0.0517734296285813 0.1348582679843194 0.0 0.003282303453040813 0.0
0.08119844993184012 0.0 18.59128617764471 0.0517734296285813 0.1348582679843194 0.0 0.003282303453040813 0.0
0.09115888299750823 0.0 18.59128617764471 0.0517734296285813 0.1348582679843194 0.0 0.003282303453040813 0.0
0.10234114021054538 0.0 18.59128617764471 0.0517734296285813 0.1348582679843194 0.0 0.0032820873831311556 0.0
0.11489510001873098 0.0 18.59128617764471 0.0517734296285813 0.13505848878474555 0.0 0.0032820873831311556 0.0
0.12898902612533095 0.0 18.59128617764471 0.05177305959017566 0.13505848878474555 0.0 0.0032813705027405584 0.0
0.14481182276745344 0.0 18.59128617764471 0.05177305959017566 0.13505848878474555 0.0 0.0032813705027405584 0.0
0.1625755666443795 0.0 18.59128617764471 0.05177305959017566 0.13448820210308735 0.0 0.0032813705027405584 0.0
0.18251834943190443 0.0 18.59128617764471 0.05177305959017566 0.13448820210308735 0.0 0.0032813705027405584 0.0
0.20490746898158482 0.0 18.59128617764471 0.05177296615686232 0.13448820210308735 0.0 0.0032813705027405584 0.0
0.23004301197729193 0.0 18.59128617764471 0.05177296615686232 0.13448820210308735 0.0 0.0032813705027405584 0.0
0.2582618760682677 0.0 18.59128617764471 0.05177296615686232 0.13448820210308735 0.0 0.0032813705027405584 0.0
0.2899422853882878 0.0 18.59128617764471 0.0517725917295221 0.13448820210308735 0.0 0.003281274037822256 0.0
0.325508859983506 0.0 18.59128617764471 0.0517725917295221 0.13448820210308735 0.0 0.003281274037822256 0.0
0.36543830709572583 0.0 18.59128617764471 0.05176965731475006 0.13448820210308735 0.0 0.003281274037822256 0.0
0.41026581058271944 0.0 18.361630255114772 0.05176506531766461 0.13448820210308735 0.0 0.003281274037822256 0.0
0.46059220411451085 0.0 18.361630255114772 0.05176506531766461 0.1343428971148525 0.0 0.0032812725077651507 0.0
0.517092024289676 0.0 18.361630255114772 0.05176308536165387 0.1343428971148525 0.0 0.0032812725077651507 0.0
0.5805225516094902 0.0 18.31806309256487 0.05170000552807155 0.1343428971148525 0.0 0.0032812725077651507 0.0
0.6517339604882427 0.0 18.31806309256487 0.05170000552807155 0.13434285153363812 0.0 0.0032811902046118347 0.0
0.73168071434272 0.0 18.31806309256487 0.05170000552807155 0.13434285153363812 0.0 0.0032793184135265275 0.0
0.821434358491943 0.0 18.31806309256487 0.05170000552807155 0.13360782636892307 0.0 0.0032793184135265275 0.0
0.9221978823334331 0.0 18.31806309256487 0.05170000552807155 0.13360782636892307 0.0 0.0032793184135265275 0.0
1.0353218432956626 0.0 18.31806309256487 0.05170000552807155 0.13360782636892307 0.0 0.0032793184135265275 0.0
1.162322468679853 0.0 18.02137131986028 0.05169964282894877 0.1327566407045765 0.0 0.0032790951540320446 0.0
1.3049019780144029 0.0 18.02137131986028 0.051698180122942854 0.1327566407045765 0.0 0.0032790951540320446 0.0
1.4649713983072863 0.0 18.00124750499002 0.051696461921918624 0.13249148572962996 0.0 0.0032790951540320446 0.0
1.6446761779946644 0.0 18.007999625748504 0.051620012491973184 0.13249148572962996 0.0 0.0032790951540320446 0.0
1.8464249428955444 0.0 7.7476126847866755 0.051620012491973184 0.13249148572962996 0.0 0.00327707470797982 0.0
2.072921779595372 0.0 6.92192567989022 0.051620012491973184 0.13249148572962996 0.0 0.00327707470797982 0.0
2.3272024789604098 0.0 6.92192567989022 0.05161561442909135 0.13007746995827893 0.0 0.00327707470797982 0.0
2.612675225563329 0.0 6.656758748128743 0.05161561442909135 0.13007746995827893 0.0 0.00327707470797982 0.0
2.933166278390045 0.0 6.476005508514221 0.05161561442909135 0.12898687320572286 0.0 0.00327707470797982 0.0
3.2929712550971515 0.0 6.449023340038672 0.05153843438054129 0.12898687320572286 0.0 0.00327707470797982 0.0
3.6969127071950285 0.0 6.335239189589571 0.05153843438054129 0.12898687320572286 0.0 0.003271651888088011 0.0
4.150404757850477 0.0 6.203387170970559 0.05153843438054129 0.12898687381139154 0.0 0.003271651888088011 0.0
4.659525668664682 0.0 6.203387170970559 0.05153843438054129 0.12898687381139154 0.0 0.003271651888088011 0.0
5.2310993080562636 0.0 6.089759933258483 0.051462150333628866 0.12112839239869991 0.0 0.0032715967102470464 0.0
5.872786613189483 0.0 6.029148246475797 0.05144970174635991 0.12112839239869991 0.0 0.0032715967102470464 0.0
6.593188271333548 0.0 5.949995516778942 0.05144970174635991 0.12105491173217256 0.0 0.003266334801638126 0.0
7.401959996915645 0.0 5.811399661614272 0.05144970174635991 0.12105491173217256 0.0 0.003266334801638126 0.0
8.309941949353396 0.0 5.811399661614272 0.05144970174635991 0.12105491173217256 0.0 0.003266334801638126 0.0
9.329304026284687 0.0 5.811399661614272 0.05144970174635991 0.11282481282376909 0.0 0.003266334801638126 0.0
10.473708979594509 0.0 5.726082990269461 0.0512615946923757 0.11282450934794973 0.0 0.0032662761903722 0.0
11.758495540521581 0.0 5.726516693176148 0.0512615946923757 0.11282443291036295 0.0 0.0032559204803084096 0.0
13.200884008314194 0.0 4.8409757633171155 0.0512615946923757 0.11282443291036295 0.0 0.0032559204803084096 0.0
14.8202070579886 0.0 4.8409757633171155 0.05125830967121004 0.11282443291036295 0.0 0.003255633104076678 0.0
16.638168860761308 0.0 4.8409757633171155 0.05125830967121004 0.10227965702343983 0.0 0.003255633104076678 0.0
18.679135990207847 0.0 4.8409757633171155 0.05108521128252104 0.10227965702343983 0.0 0.0032556172888237494 0.0
20.97046401323235 0.0 4.8409757633171155 0.05108321061878615 0.10227965702343983 0.0 0.0032556172888237494 0.0
23.542864143224204 0.0 5.311346545190868 0.05108321061878615 0.10227965702343983 0.0 0.003242840773772039 0.0
26.430814869741084 0.0 5.3607224028505485 0.05108321061878615 0.10227965702343983 0.0 0.003242840773772039 0.0
29.673024081888727 0.0 5.414918697760728 0.051083038687986415 0.10227965702343983 0.0 0.003242840773772039 0.0
33.31294787934677 0.0 5.479100392964072 0.050979318933672205 0.08186332586871002 0.0 0.003242840773772039 0.0
37.39937302478802 0.0 5.570170206462076 0.050979318933672205 0.08186332586871002 0.0 0.003242840773772039 0.0
41.987070844439145 0.0 5.584917567209331 0.050979318933672205 0.08186332586871002 0.0 0.0032301150709013095 0.0
47.13753134116729 0.0 5.692708333333333 0.050979318933672205 0.08186332586871002 0.0 0.0032300902309341335 0.0
52.919787359584475 0.0 5.730910737119511 0.05097929656527364 0.08186332586871002 0.0 0.0032300902309341335 0.0
59.411339849650396 0.0 7.205311544878992 0.05083574245718816 0.08186041090526669 0.0 0.0032300902309341335 0.0
66.69919663030129 0.0 7.205311544878992 0.05083574245718816 0.08186041090526669 0.0 0.0032149637461588443 0.0
74.8810385759003 0.0 7.610565977420159 0.05083574245718816 0.05041388459551311 0.0 0.0032149176900491162 0.0
84.06652885618334 0.0 7.610565977420159 0.05083574245718816 0.05041388459551311 0.0 0.0032149176900491162 0.0
94.37878277775391 0.0 7.952521227077096 0.0504323091332047 0.05041388459551311 0.0 0.0032149176900491162 0.0
105.9560179277617 0.0 8.102283713822356 0.0504323091332047 0.05041388459551311 0.0 0.0031903525754051515 0.0
118.95340673703207 0.0 8.23721989614521 0.0504323091332047 0.05041388459551311 0.0 0.0031903525754051515 0.0
133.54515629299001 0.0 8.370185410429142 0.05043180576936385 0.03525757342932612 0.0 0.0031903525754051515 0.0
149.9268432786047 0.0 8.559614170097305 0.05043180576936385 0.03525757342932612 0.0 0.0031903525754051515 0.0
168.31803533309585 0.0 8.678373721307386 0.05043180576936385 0.03525757342932612 0.0 0.0031903525754051515 0.0
188.96523396912116 0.0 8.890018790543913 0.05074732179913921 0.03525757342932612 0.0 0.0031903525754051515 0.0
212.1451784910632 0.0 9.065854618887226 0.05074732179913921 0.03525757342932612 0.0 0.0031598931921247744 0.0
238.16855519761606 0.0 9.306938856661677 0.05074732179913921 0.020095910444314736 0.0 0.0031598931921247744 0.0
267.38416158399497 0.0 9.547499727108283 0.05074732179913921 0.020095910444314736 0.0 0.0031598931921247744 0.0
300.1835813575592 0.0 9.9790516623004 0.05074732179913921 0.020095910444314736 0.0 0.0031598931921247744 0.0
337.00643292719315 1.188508724738024 10.322360162487525 0.05074732179913921 0.020095910444314736 0.0 0.0031598794542112086 0.0
378.34626171319326 1.2226813462917914 10.62486745259481 0.052867455080425 0.020095910444314736 0.0 0.0031598794542112086 0.0
424.75715525369026 1.2226813462917914 11.355122762287925 0.052867455080425 0.0021662801294545894 0.0 0.0031447785447290284 0.0
476.86116977144746 1.3577157209019461 12.14185593656437 0.0528669098900945 0.0021662801294545894 0.0 0.0031447785447290284 0.0
535.356667741073 1.3579419530080463 17.93581196981038 0.0528669098900945 0.0021662801294545894 0.0 0.0031447785447290284 0.0
601.0276782070388 1.5708708315790294 20.962272720184632 0.0528669098900945 0.0021662801294545894 0.0 0.0031447785447290284 0.0
674.75440531107 1.5708708315790294 21.192840880738522 0.05171348908706121 0.0021662801294545894 0.0 0.003136075905553723 0.0
757.525025877192 1.8774116805451597 21.071657466317365 0.05171348908706121 0.0003015201247641568 0.0 0.003136075905553723 0.0
850.4489341802686 1.8774116805451597 20.897802052145707 0.05171348908706121 0.0003015201247641568 0.0 0.003136075905553723 0.0
954.7716114208066 2.3804052052145708 20.82360669286427 0.05171348908706121 0.0003015983236683966 0.0 0.00313385241235164 0.0
1071.8913192051286 2.3804052052145708 20.82360669286427 0.050836905247880204 0.0003015983236683966 0.0 0.003133839267915015 0.0
1203.3778407775906 3.1501179769367518 20.82360669286427 0.050836905247880204 0.0 0.0 0.0031324140885848253 0.0
1350.9935211980278 3.1501179769367518 20.82360669286427 0.050836905247880204 0.0 0.0 0.0031324140885848253 0.0
1516.716888470924 3.7018731092502497 20.82360669286427 0.05010743864555229 0.0 0.0 0.003129700061377614 0.0
1702.7691722259012 4.5317689815681135 20.82360669286427 0.05012246589485483 0.0 0.0 0.003125949543224804 0.0
1911.6440753857037 5.3932452477856785 20.82360669286427 0.049950477195157536 0.0020988774861382393 0.0 0.00312165733536488 0.0
2146.141197858406 5.854886905875748 20.82360669286427 0.04512605423142156 0.0006641707805158233 0.0 0.0031175454793124593 0.0
2409.403560239527 5.99516932931013 20.82360669286427 0.04512605423142156 5.2171737628002494e-05 0.0 0.0031025975541035173 0.0
2704.959730463137 5.99516932931013 20.82360669286427 0.04403501602154177 0.0 0.0 0.0031021036076910456 0.0
3036.7711180354604 6.043444848584082 20.82360669286427 0.044034150371989954 0.0 0.0 0.0030728725140598927 0.0
3409.2850697468143 6.105651002682135 20.82360669286427 0.044034150371989954 0.0 0.0 0.0030728725140598927 0.0
3827.494478516315 6.286585520365519 20.82360669286427 0.03871413453251749 0.0 0.0 0.0030499414058072554 0.0
4297.004704320844 6.6074204130800895 20.82360669286427 0.03812258495882497 0.0 0.0 0.00304460336771774 0.0
4824.108704165374 6.358129444236527 20.82360669286427 0.03752119284113588 0.0 0.0 0.0030368940748269333 0.0
5415.871378079476 3.0347569022112024 20.82360669286427 0.03740198996508349 0.0016802897854211792 0.0 0.0030355514727980425 0.0
6080.224261649427 2.104265589913922 20.82360669286427 0.037313221560421814 0.002190230905547562 0.0 0.0030342818060771983 0.0
6826.071834272393 1.9739243436954217 20.82360669286427 0.037200121625478255 0.0026558772564280325 0.0 0.003033879099330636 0.0
7663.410868007462 1.9573274106084706 20.82360669286427 0.03717463866598877 0.002721047122004461 0.0 0.0030317335073995464 0.0
8603.46441668451 1.944316445234531 20.82360669286427 0.03700886526058969 0.0028622912703634585 0.0 0.003030791379198008 0.0
9658.832241158709 1.9294638262537425 20.82360669286427 0.03700886526058969 0.0029890856153520304 0.0 0.003030791379198008 0.0
10843.65968689611 1.92098030501497 20.82360669286427 0.03700886526058969 0.003137920232426534 0.0 0.0030291346409421853 0.0
12173.82727739662 1.9046566291245632 20.82360669286427 0.03687143431486236 0.003137920232426534 0.0 0.0030291346409421853 0.0
13667.163564620074 1.9046566291245632 20.82360669286427 0.03687143431486236 0.003137920232426534 0.0 0.0030291346409421853 0.0
15343.684089300132 1.8901816727872378 20.82360669286427 0.03682480920711191 0.0031381353212149455 0.0 0.003027703922186816 0.0
17225.859653987874 1.637974417376185 20.82360669286427 0.03682480920711191 0.0031381353212149455 0.0 0.003027703922186816 0.0
19338.917504552322 1.3854975595683632 20.82360669286427 0.03682480920711191 0.0031381353212149455 0.0 0.00296505893366268 0.0
21711.179456945054 0.5316634796812625 20.82360669286427 0.03682480920711191 0.0031381353212149455 0.0 0.00296505893366268 0.0
24374.441501222216 0.5316634796812625 20.82360669286427 0.021728534268010954 0.0031381353212149455 0.0 0.00296505893366268 0.0
27364.39997074672 0.5316634796812625 20.82360669286427 0.021728534268010954 0.060021692739095 0.0 0.00296505893366268 0.0
30721.12998861759 0.5316634796812625 20.82360669286427 0.021728534268010954 0.060021692739095 0.0 0.00296505893366268 0.0
34489.6226040576 0.11186123846057884 20.82360669286427 0.021728534268010954 0.060021692739095 0.0 0.00296505893366268 0.0
38720.38781812557 0.11186123846057884 20.82360669286427 0.021728534268010954 0.060021692739095 0.0 0.00296505893366268 0.0
43470.131581250265 0.11186123846057884 20.82360669286427 0.021728534268010954 0.060021692739095 0.0 0.00296505893366268 0.0
48802.515836544335 0.11186123846057884 20.82360669286427 0.021728534268010954 0.060021692739095 0.0 0.00296505893366268 0.0
54789.01179593945 0.11186123846057884 20.82360669286427 0.021728534268010954 0.060021692739095 0.0 0.00296505893366268 0.0
61509.857885805046 0.11186123846057884 20.82360669286427 0.021728534268010954 0.060021692739095 0.0 0.00296505893366268 0.0
69055.13520162331 0.11186123846057884 20.82360669286427 0.021728534268010954 0.060021692739095 0.0 0.00296505893366268 0.0
77525.97488629464 0.11186123846057884 20.82360669286427 0.021728534268010954 0.060021692739095 0.0 0.00296505893366268 0.0
87035.91361485166 0.11186123846057884 20.82360669286427 0.021728534268010954 0.060021692739095 0.0 0.00296505893366268 0.0
97712.41535346501 0.11186123846057884 20.82360669286427 0.021728534268010954 0.060021692739095 0.0 0.00296505893366268 0.0
109698.57978923863 0.11186123846057884 20.82360669286427 0.021728534268010954 0.060021692739095 0.0 0.00296505893366268 0.0
123155.06032928261 0.11186123846057884 20.82360669286427 0.021728534268010954 0.060021692739095 0.0 0.00296505893366268 0.0
138262.2173764659 0.11186123846057884 20.82360669286427 0.021728534268010954 0.060021692739095 0.0 0.00296505893366268 0.0
155222.5357427048 0.11186123846057884 20.82360669286427 0.021728534268010954 0.060021692739095 0.0 0.00296505893366268 0.0
174263.33860096542 0.11186123846057884 20.82360669286427 0.021728534268010954 0.060021692739095 0.0 0.00296505893366268 0.0
195639.8343517065 0.11186123846057884 20.82360669286427 0.021728534268010954 0.060021692739095 0.0 0.00296505893366268 0.0
219638.53724165514 0.11186123846057884 20.82360669286427 0.021728534268010954 0.060021692739095 0.0 0.00296505893366268 0.0
246581.1075822604 0.11186123846057884 20.82360669286427 0.021728534268010954 0.060021692739095 0.0 0.00296505893366268 0.0
276828.6630392072 0.11186123846057884 20.82360669286427 0.021728534268010954 0.060021692739095 0.0 0.00296505893366268 0.0
310786.6187782014 0.11186123846057884 20.82360669286427 0.021728534268010954 0.060021692739095 0.0 0.00296505893366268 0.0
348910.1213406781 0.11186123846057884 20.82360669286427 0.021728534268010954 0.060021692739095 0.0 0.00296505893366268 0.0
391710.1490809261 0.11186123846057884 20.82360669286427 0.021728534268010954 0.060021692739095 0.0 0.00296505893366268 0.0
439760.360930273 0.11186123846057884 20.82360669286427 0.021728534268010954 0.060021692739095 0.0 0.00296505893366268 0.0
493704.7852839004 0.11186123846057884 20.82360669286427 0.021728534268010954 0.060021692739095 0.0 0.00296505893366268 0.0
554266.4520663118 0.11186123846057884 20.82360669286427 0.021728534268010954 0.060021692739095 0.0 0.00296505893366268 0.0
622257.0836730232 0.11186123846057884 20.82360669286427 0.021728534268010954 0.060021692739095 0.0 0.00296505893366268 0.0
698587.9746785263 0.11186123846057884 20.53831789545908 0.021728534268010954 0.060021692739095 0.0 0.00296505893366268 0.0
784282.2061337682 0.11186123846057884 20.53831789545908 0.021728534268010954 0.060021692739095 0.0 0.00296505893366268 0.0
880488.3581643483 0.11186123846057884 20.53831789545908 0.021728534268010954 0.060021692739095 0.0 0.00296505893366268 0.0
988495.9046625586 0.11186123846057884 20.53831789545908 0.021728534268010954 0.060021692739095 0.0 0.00296505893366268 0.0
1109752.4964120744 0.11186123846057884 20.53831789545908 0.021728534268010954 0.060021692739095 0.0 0.00296505893366268 0.0
1245883.3642950081 0.11186123846057884 20.20132391467066 0.021728534268010954 0.060021692739095 0.0 0.00296505893366268 0.0
1398713.1026472414 0.11186123846057884 20.20132391467066 0.021728534268010954 0.060021692739095 0.0 0.00296505893366268 0.0
1570290.1247293775 0.11186123846057884 20.20132391467066 0.021728534268010954 0.060021692739095 0.0 0.00296505893366268 0.0
1762914.1180959516 0.11186123846057884 20.20132391467066 0.021728534268010954 0.060021692739095 0.0 0.00296505893366268 0.0
1979166.8678535575 0.11186123846057884 20.20132391467066 0.021728534268010954 0.060021692739095 0.0 0.00296505893366268 0.0
2221946.8609395283 0.11186123846057884 20.20132391467066 0.021728534268010954 0.060021692739095 0.0 0.00296505893366268 0.0
2494508.135230317 0.11186123846057884 20.20132391467066 0.021728534268010954 0.060021692739095 0.0 0.00296505893366268 0.0
2800503.8941836366 0.11186123846057884 20.20132391467066 0.021728534268010954 0.060021692739095 0.0 0.00296505893366268 0.0
3144035.4715915 0.11186123846057884 19.935537128867267 0.021728534268010954 0.060021692739095 0.0 0.00296505893366268 0.0
3529707.302730657 0.11186123846057884 19.935537128867267 0.021728534268010954 0.060021692739095 0.0 0.00296505893366268 0.0
3962688.638701478 0.11186123846057884 19.935537128867267 0.021728534268010954 0.060021692739095 0.0 0.00296505893366268 0.0
4448782.831127594 0.11186123846057884 19.935537128867267 0.021728534268010954 0.060021692739095 0.0 0.00296505893366268 0.0
4994505.11585514 0.11186123846057884 19.935537128867267 0.021728534268010954 0.060021692739095 0.0 0.00296505893366268 0.0
5607169.938205469 0.11186123846057884 19.935537128867267 0.021728534268010954 0.060021692739095 0.0 0.00296505893366268 0.0
6294988.990221888 0.11186123846057884 19.935537128867267 0.021728534268010954 0.060021692739095 0.0 0.00296505893366268 0.0
7067181.273927506 0.11186123846057884 19.935537128867267 0.021728534268010954 0.060021692739095 0.0 0.00296505893366268 0.0
7934096.665797492 0.11186123846057884 19.935537128867267 0.021728534268010954 0.060021692739095 0.0 0.00296505893366268 0.0
8907354.638610458 0.11186123846057884 19.935537128867267 0.021728534268010954 0.060021692739095 0.0 0.00296505893366268 0.0
10000000.0 0.10844235601063498 19.622506939246506 0.021728534268010954 0.060021692739095 0.0 0.00296505893366268 0.0
