#! FIELDS itype
2
5
0
0
0
0
0
6
0
0
0
0
0
8
0
0
7
0
1
0
0
1
1
8
0
0
0
0
0
5
2
4
0
3
3
4
0
0
0
0
0
6
0
0
0
0
0
0
0
0
0
1
1
8
0
7
0
0
0
0
5
2
4
0
3
3
4
0
0
0
0
0
6
0
0
0
0
0
0
0
0
7
0
1
0
7
0
0
0
0
5
2
4
0
3
3
4
0
0
0
0
0
6
0
0
0
0
0
0
0
0
7
0
1
0
7
0
0
0
0
5
2
4
0
3
3
4
0
0
0
0
0
6
0
0
0
0
0
0
0
0
0
1
1
8
0
7
0
0
0
0
5
2
4
0
3
3
4
0
0
0
0
0
6
0
0
0
0
0
8
0
0
7
0
1
0
0
1
1
8
0
0
0
0
0
5
2
4
0
3
3
4
0
0
0
0
0
6
0
0
0
0
0
8
0
0
7
0
1
0
0
1
1
8
0
0
0
0
0
5
2
4
0
3
3
4
0
0
0
0
0
6
0
0
0
0
0
0
0
0
0
1
1
8
0
7
0
0
0
0
5
2
5
2
